
    STEP   DAMPING               NORMS              COMPUTATION TIMES
  IT SIT     GAMMA     ||d||     ||f||     ||U||   F(x)  DF(x)  SOLVE
   0                          5.51e-13  1.98e+02    0.0    0.0    0.0

 STEP      TIME        ||U||  LABEL  TYPE          eps2           T2        theta        gamma         eps1        seg_u
    0  00:00:00   1.9801e+02      1  EP      5.5223e-01   2.7829e+01   3.1544e+00   9.9985e-02   5.8789e-08   0.0000e+00
   25  00:00:04   2.0108e+02      2          2.6237e-01   3.5673e+01   3.1475e+00   9.9999e-02   6.0605e-08   0.0000e+00
   50  00:00:07   2.0493e+02      3          1.1597e-01   4.4262e+01   3.1442e+00   1.0000e-01   6.0604e-08   0.0000e+00
   75  00:00:11   2.0935e+02      4          5.0764e-02   5.2943e+01   3.1427e+00   1.0000e-01   6.0603e-08   0.0000e+00
  100  00:00:15   2.1546e+02      5          2.2108e-02   6.1675e+01   3.1421e+00   1.0000e-01   6.0603e-08   0.0000e+00
  125  00:00:19   2.2100e+02      6          9.6138e-03   7.0421e+01   3.1418e+00   1.0000e-01   6.0603e-08   0.0000e+00
  150  00:00:23   2.2702e+02      7          4.1711e-03   7.9190e+01   3.1417e+00   1.0000e-01   6.0603e-08   0.0000e+00
  175  00:00:27   2.3352e+02      8          1.8070e-03   8.7975e+01   3.1416e+00   1.0000e-01   6.0603e-08   0.0000e+00
  200  00:00:31   2.4047e+02      9          7.8197e-04   9.6770e+01   3.1416e+00   1.0000e-01   6.0603e-08   0.0000e+00
  225  00:00:34   2.4783e+02     10          3.3816e-04   1.0557e+02   3.1416e+00   1.0000e-01   6.0603e-08   0.0000e+00
  250  00:00:38   2.5558e+02     11          1.4617e-04   1.1438e+02   3.1416e+00   1.0000e-01   6.0603e-08   0.0000e+00
  275  00:00:42   2.6369e+02     12          6.3189e-05   1.2320e+02   3.1416e+00   1.0000e-01   6.0603e-08   0.0000e+00
  300  00:00:46   2.7212e+02     13          2.7356e-05   1.3202e+02   3.1416e+00   1.0000e-01   6.0603e-08   0.0000e+00
  325  00:00:49   2.8085e+02     14          1.1912e-05   1.4084e+02   3.1416e+00   1.0000e-01   6.0603e-08   0.0000e+00
  350  00:00:53   2.8986e+02     15          5.2841e-06   1.4966e+02   3.1416e+00   1.0000e-01   6.0603e-08   0.0000e+00
  375  00:00:57   2.9911e+02     16          2.4712e-06   1.5848e+02   3.1416e+00   1.0000e-01   6.0603e-08   0.0000e+00
  400  00:01:00   3.0952e+02     17          1.0381e-06   1.6731e+02   3.1416e+00   1.0000e-01   6.0603e-08   0.0000e+00
  425  00:01:04   3.1918e+02     18          5.2455e-07   1.7613e+02   3.1416e+00   1.0000e-01   6.0603e-08   0.0000e+00
  450  00:01:08   3.2902e+02     19          3.1803e-07   1.8496e+02   3.1416e+00   1.0000e-01   6.0603e-08   0.0000e+00
  475  00:01:12   3.3904e+02     20          2.4375e-07   1.9379e+02   3.1416e+00   1.0000e-01   6.0603e-08   0.0000e+00
  500  00:01:16   3.4922e+02     21  EP      2.2571e-07   2.0262e+02   3.1416e+00   1.0000e-01   6.0603e-08   0.0000e+00
