   0.000000000000000 	    4.610139345700000 	    3.290117302000000 	    0.597614136560000 	   7.375699891800000 	    5.800000000000000 	    0.000000000000000 	   8.360312190138213 	    7.360312190138212 	   -0.117772192705873 	   1.985012566411786 	    0.985012566411786 	    2.715694306728095 
   0.004563813960000 	    4.609628665600000 	    3.282475630200000 	    0.635633741460000 	   7.375699891800000 	    5.800000000000000 	    0.000000000000000 	   8.360312190138213 	    7.360312190138212 	   -0.117772192705873 	   1.985012566411786 	    0.985012566411786 	    2.715694306728095 
   0.009127627910000 	    4.607896477600000 	    3.273373673900000 	    0.677007172040000 	   7.375699891800000 	    5.800000000000000 	    0.000000000000000 	   8.360312190138213 	    7.360312190138212 	   -0.117772192705873 	   1.985012566411786 	    0.985012566411786 	    2.715694306728095 
   0.013309803440000 	    4.605155889200000 	    3.263657594300000 	    0.718180781740000 	   7.375699891800000 	    5.800000000000000 	    0.000000000000000 	   8.360312190138213 	    7.360312190138212 	   -0.117772192705873 	   1.985012566411786 	    0.985012566411786 	    2.715694306728095 
   0.017491978970000 	    4.601230017100000 	    3.252532177800000 	    0.762801885980000 	   7.375699891800000 	    5.800000000000000 	    0.000000000000000 	   8.360312190138213 	    7.360312190138212 	   -0.117772192705873 	   1.985012566411786 	    0.985012566411786 	    2.715694306728095 
   0.021674154500000 	    4.596031086200000 	    3.239898127300000 	    0.811231422230000 	   7.375699891800000 	    5.800000000000000 	    0.000000000000000 	   8.360312190138213 	    7.360312190138212 	   -0.117772192705873 	   1.985012566411786 	    0.985012566411786 	    2.715694306728095 
   0.025856330030000 	    4.589462840300000 	    3.225647652600000 	    0.863875638950000 	   7.375699891800000 	    5.800000000000000 	    0.000000000000000 	   8.360312190138213 	    7.360312190138212 	   -0.117772192705873 	   1.985012566411786 	    0.985012566411786 	    2.715694306728095 
   0.029770149440000 	    4.581982295100000 	    3.210743906400000 	    0.917364341660000 	   7.375699891800000 	    5.800000000000000 	    0.000000000000000 	   8.360312190138213 	    7.360312190138212 	   -0.117772192705873 	   1.985012566411786 	    0.985012566411786 	    2.715694306728095 
   0.033683968850000 	    4.573115450900000 	    3.194218473200000 	    0.975366107630000 	   7.375699891800000 	    5.800000000000000 	    0.000000000000000 	   8.360312190138213 	    7.360312190138212 	   -0.117772192705873 	   1.985012566411786 	    0.985012566411786 	    2.715694306728095 
   0.037597788260000 	    4.562758765200000 	    3.175959351200000 	    1.038354818100000 	   7.375699891800000 	    5.800000000000000 	    0.000000000000000 	   8.360312190138213 	    7.360312190138212 	   -0.117772192705873 	   1.985012566411786 	    0.985012566411786 	    2.715694306728095 
   0.041511607670000 	    4.550799025600000 	    3.155845666600000 	    1.106863146700000 	   7.375699891800000 	    5.800000000000000 	    0.000000000000000 	   8.360312190138213 	    7.360312190138212 	   -0.117772192705873 	   1.985012566411786 	    0.985012566411786 	    2.715694306728095 
   0.045464957600000 	    4.536964988000000 	    3.133513358100000 	    1.182277338900000 	   7.375699891800000 	    5.800000000000000 	    0.000000000000000 	   8.360312190138213 	    7.360312190138212 	   -0.117772192705873 	   1.985012566411786 	    0.985012566411786 	    2.715694306728095 
   0.049418307540000 	    4.521229471900000 	    3.109011200400000 	    1.264630480900000 	   7.375699891800000 	    5.800000000000000 	    0.000000000000000 	   8.360312190138213 	    7.360312190138212 	   -0.117772192705873 	   1.985012566411786 	    0.985012566411786 	    2.715694306728095 
   0.053371657470000 	    4.503439480500000 	    3.082183395800000 	    1.354709881700000 	   7.375699891800000 	    5.800000000000000 	    0.000000000000000 	   8.360312190138213 	    7.360312190138212 	   -0.117772192705873 	   1.985012566411786 	    0.985012566411786 	    2.715694306728095 
   0.057325007410000 	    4.483427378500000 	    3.052862453700000 	    1.453405992400000 	   7.375699891800000 	    5.800000000000000 	    0.000000000000000 	   8.360312190138213 	    7.360312190138212 	   -0.117772192705873 	   1.985012566411786 	    0.985012566411786 	    2.715694306728095 
   0.060810007060000 	    4.463797538000000 	    3.024804855300000 	    1.548354499900000 	   7.375699891800000 	    5.800000000000000 	    0.000000000000000 	   8.360312190138213 	    7.360312190138212 	   -0.117772192705873 	   1.985012566411786 	    0.985012566411786 	    2.715694306728095 
   0.064295006710000 	    4.442161751400000 	    2.994539534500000 	    1.651554563400000 	   7.375699891800000 	    5.800000000000000 	    0.000000000000000 	   8.360312190138213 	    7.360312190138212 	   -0.117772192705873 	   1.985012566411786 	    0.985012566411786 	    2.715694306728095 
   0.067780006370000 	    4.418371898400000 	    2.961928002300000 	    1.763872148400000 	   7.375699891800000 	    5.800000000000000 	    0.000000000000000 	   8.360312190138213 	    7.360312190138212 	   -0.117772192705873 	   1.985012566411786 	    0.985012566411786 	    2.715694306728095 
   0.071265006020000 	    4.392267812900000 	    2.926824303400000 	    1.886273883000000 	   7.375699891800000 	    5.800000000000000 	    0.000000000000000 	   8.360312190138213 	    7.360312190138212 	   -0.117772192705873 	   1.985012566411786 	    0.985012566411786 	    2.715694306728095 
   0.074584007371900 	    4.365097625600000 	    2.890935778200000 	    2.013205122600000 	   7.375699891800000 	    5.800000000000000 	    0.000000000000000 	   8.360312190138213 	    7.360312190138212 	   -0.117772192705873 	   1.985012566411786 	    0.985012566411786 	    2.715694306728095 
   0.077903008723800 	    4.335511101700000 	    2.852510226800000 	    2.151294502700000 	   7.375699891800000 	    5.800000000000000 	    0.000000000000000 	   8.360312190138213 	    7.360312190138212 	   -0.117772192705873 	   1.985012566411786 	    0.985012566411786 	    2.715694306728095 
   0.081222010075700 	    4.303336115700000 	    2.811405226800000 	    2.301689620600000 	   7.375699891800000 	    5.800000000000000 	    0.000000000000000 	   8.360312190138213 	    7.360312190138212 	   -0.117772192705873 	   1.985012566411786 	    0.985012566411786 	    2.715694306728095 
   0.084541011428000 	    4.268388724100000 	    2.767474648000000 	    2.465659785500000 	   7.375699891800000 	    5.800000000000000 	    0.000000000000000 	   8.360312190138213 	    7.360312190138212 	   -0.117772192705873 	   1.985012566411786 	    0.985012566411786 	    2.715694306728095 
   0.087397956871000 	    4.235936990400000 	    2.727283627800000 	    2.618739925900000 	   7.375699891800000 	    5.800000000000000 	    0.000000000000000 	   8.360312190138213 	    7.360312190138212 	   -0.117772192705873 	   1.985012566411786 	    0.985012566411786 	    2.715694306728095 
   0.090254902314000 	    4.201154208600000 	    2.684794007700000 	    2.783889409800000 	   7.375699891800000 	    5.800000000000000 	    0.000000000000000 	   8.360312190138213 	    7.360312190138212 	   -0.117772192705873 	   1.985012566411786 	    0.985012566411786 	    2.715694306728095 
   0.093111847757000 	    4.163902251400000 	    2.639911890700000 	    2.962164670700000 	   7.375699891800000 	    5.800000000000000 	    0.000000000000000 	   8.360312190138213 	    7.360312190138212 	   -0.117772192705873 	   1.985012566411786 	    0.985012566411786 	    2.715694306728095 
   0.095968793200000 	    4.124037161600000 	    2.592545823600000 	    3.154704873300000 	   7.375699891800000 	    5.800000000000000 	    0.000000000000000 	   8.360312190138213 	    7.360312190138212 	   -0.117772192705873 	   1.985012566411786 	    0.985012566411786 	    2.715694306728095 
   0.098255747259000 	    4.090142276800000 	    2.552780834200000 	    3.319930663100000 	   7.375699891800000 	    5.800000000000000 	    0.000000000000000 	   8.360312190138213 	    7.360312190138212 	   -0.117772192705873 	   1.985012566411786 	    0.985012566411786 	    2.715694306728095 
   0.100542701317000 	    4.054398915000000 	    2.511326173600000 	    3.495744280200000 	   7.375699891800000 	    5.800000000000000 	    0.000000000000000 	   8.360312190138213 	    7.360312190138212 	   -0.117772192705873 	   1.985012566411786 	    0.985012566411786 	    2.715694306728095 
   0.102829655375000 	    4.016727269400000 	    2.468143470400000 	    3.682843131400000 	   7.375699891800000 	    5.800000000000000 	    0.000000000000000 	   8.360312190138213 	    7.360312190138212 	   -0.117772192705873 	   1.985012566411786 	    0.985012566411786 	    2.715694306728095 
   0.105116609433000 	    3.977046750500000 	    2.423198815700000 	    3.881954477300000 	   7.375699891800000 	    5.800000000000000 	    0.000000000000000 	   8.360312190138213 	    7.360312190138212 	   -0.117772192705873 	   1.985012566411786 	    0.985012566411786 	    2.715694306728095 
   0.107132590126000 	    3.940337564100000 	    2.382095538300000 	    4.068035398500000 	   7.375699891800000 	    5.800000000000000 	    0.000000000000000 	   8.360312190138213 	    7.360312190138212 	   -0.117772192705873 	   1.985012566411786 	    0.985012566411786 	    2.715694306728095 
   0.109148570819000 	    3.901949667700000 	    2.339585798700000 	    4.264566207500000 	   7.375699891800000 	    5.800000000000000 	    0.000000000000000 	   8.360312190138213 	    7.360312190138212 	   -0.117772192705873 	   1.985012566411786 	    0.985012566411786 	    2.715694306728095 
   0.111164551512000 	    3.861829114400000 	    2.295659373600000 	    4.472085412100000 	   7.375699891800000 	    5.800000000000000 	    0.000000000000000 	   8.360312190138213 	    7.360312190138212 	   -0.117772192705873 	   1.985012566411786 	    0.985012566411786 	    2.715694306728095 
   0.113180532205000 	    3.819923498500000 	    2.250311699400000 	    4.691135439600000 	   7.375699891800000 	    5.800000000000000 	    0.000000000000000 	   8.360312190138213 	    7.360312190138212 	   -0.117772192705873 	   1.985012566411786 	    0.985012566411786 	    2.715694306728095 
   0.115042781639000 	    3.779583846200000 	    2.207160780000000 	    4.904195235500000 	   7.375699891800000 	    5.800000000000000 	    0.000000000000000 	   8.360312190138213 	    7.360312190138212 	   -0.117772192705873 	   1.985012566411786 	    0.985012566411786 	    2.715694306728095 
   0.116905031074000 	    3.737640798000000 	    2.162805768200000 	    5.127975044600000 	   7.375699891800000 	    5.800000000000000 	    0.000000000000000 	   8.360312190138213 	    7.360312190138212 	   -0.117772192705873 	   1.985012566411786 	    0.985012566411786 	    2.715694306728095 
   0.118767280509000 	    3.694059911300000 	    2.117259919000000 	    5.362880493000000 	   7.375699891800000 	    5.800000000000000 	    0.000000000000000 	   8.360312190138213 	    7.360312190138212 	   -0.117772192705873 	   1.985012566411786 	    0.985012566411786 	    2.715694306728095 
   0.120629529944000 	    3.648810258300000 	    2.070543270400000 	    5.609296865500000 	   7.375699891800000 	    5.800000000000000 	    0.000000000000000 	   8.360312190138213 	    7.360312190138212 	   -0.117772192705873 	   1.985012566411786 	    0.985012566411786 	    2.715694306728095 
   0.122439669103000 	    3.603202022800000 	    2.024037770700000 	    5.860189486100000 	   7.375699891800000 	    5.800000000000000 	    0.000000000000000 	   8.360312190138213 	    7.360312190138212 	   -0.117772192705873 	   1.985012566411786 	    0.985012566411786 	    2.715694306728095 
   0.124249808262000 	    3.555971891300000 	    1.976484619500000 	    6.122588947800000 	   7.375699891800000 	    5.800000000000000 	    0.000000000000000 	   8.360312190138213 	    7.360312190138212 	   -0.117772192705873 	   1.985012566411786 	    0.985012566411786 	    2.715694306728095 
   0.126059947421000 	    3.507105294100000 	    1.927924392500000 	    6.396744065500000 	   7.375699891800000 	    5.800000000000000 	    0.000000000000000 	   8.360312190138213 	    7.360312190138212 	   -0.117772192705873 	   1.985012566411786 	    0.985012566411786 	    2.715694306728095 
   0.127870086580000 	    3.456593827900000 	    1.878406168100000 	    6.682848911200000 	   7.375699891800000 	    5.800000000000000 	    0.000000000000000 	   8.360312190138213 	    7.360312190138212 	   -0.117772192705873 	   1.985012566411786 	    0.985012566411786 	    2.715694306728095 
   0.129730228873000 	    3.402971934400000 	    1.826583106500000 	    6.989440676800000 	   7.375699891800000 	    5.800000000000000 	    0.000000000000000 	   8.360312190138213 	    7.360312190138212 	   -0.117772192705873 	   1.985012566411786 	    0.985012566411786 	    2.715694306728095 
   0.131590371166000 	    3.347618772900000 	    1.773883236500000 	    7.308837742500000 	   7.375699891800000 	    5.800000000000000 	    0.000000000000000 	   8.360312190138213 	    7.360312190138212 	   -0.117772192705873 	   1.985012566411786 	    0.985012566411786 	    2.715694306728095 
   0.133450513460000 	    3.290551571100000 	    1.720391089500000 	    7.640984721000000 	   7.375699891800000 	    5.800000000000000 	    0.000000000000000 	   8.360312190138213 	    7.360312190138212 	   -0.117772192705873 	   1.985012566411786 	    0.985012566411786 	    2.715694306728095 
   0.135310655753000 	    3.231798612900000 	    1.666202559700000 	    7.985703412200000 	   7.375699891800000 	    5.800000000000000 	    0.000000000000000 	   8.360312190138213 	    7.360312190138212 	   -0.117772192705873 	   1.985012566411786 	    0.985012566411786 	    2.715694306728095 
   0.137235243583000 	    3.169278785300000 	    1.609518040900000 	    8.355257766099999 	   7.375699891800000 	    5.800000000000000 	    0.000000000000000 	   8.360312190138213 	    7.360312190138212 	   -0.117772192705873 	   1.985012566411786 	    0.985012566411786 	    2.715694306728095 
   0.139159831412000 	    3.105057071700000 	    1.552334866000000 	    8.737396761399999 	   7.375699891800000 	    5.800000000000000 	    0.000000000000000 	   8.360312190138213 	    7.360312190138212 	   -0.117772192705873 	   1.985012566411786 	    0.985012566411786 	    2.715694306728095 
   0.141084419242000 	    3.039209137300000 	    1.494797522200000 	    9.131382456300001 	   7.375699891800000 	    5.800000000000000 	    0.000000000000000 	   8.360312190138213 	    7.360312190138212 	   -0.117772192705873 	   1.985012566411786 	    0.985012566411786 	    2.715694306728095 
   0.143009007072000 	    2.971827747800000 	    1.437062580500000 	    9.536251787899999 	   7.375699891800000 	    5.800000000000000 	    0.000000000000000 	   8.360312190138213 	    7.360312190138212 	   -0.117772192705873 	   1.985012566411786 	    0.985012566411786 	    2.715694306728095 
   0.144739428802000 	    2.910025844200000 	    1.385121748000000 	    9.908578040100000 	   7.375699891800000 	    5.800000000000000 	    0.000000000000000 	   8.360312190138213 	    7.360312190138212 	   -0.117772192705873 	   1.985012566411786 	    0.985012566411786 	    2.715694306728095 
   0.146469850532000 	    2.847166324500000 	    1.333285155600000 	   10.287676305000000 	   7.375699891800000 	    5.800000000000000 	    0.000000000000000 	   8.360312190138213 	    7.360312190138212 	   -0.117772192705873 	   1.985012566411786 	    0.985012566411786 	    2.715694306728095 
   0.148200272261000 	    2.783354120400000 	    1.281686526100000 	   10.672314996000001 	   7.375699891800000 	    5.800000000000000 	    0.000000000000000 	   8.360312190138213 	    7.360312190138212 	   -0.117772192705873 	   1.985012566411786 	    0.985012566411786 	    2.715694306728095 
   0.149930693991000 	    2.718706043400000 	    1.230463589100000 	   11.061082781000000 	   7.375699891800000 	    5.800000000000000 	    0.000000000000000 	   8.360312190138213 	    7.360312190138212 	   -0.117772192705873 	   1.985012566411786 	    0.985012566411786 	    2.715694306728095 
   0.151400236724000 	    2.663243385800000 	    1.187362706000000 	   11.393300545000001 	   7.375699891800000 	    5.800000000000000 	    0.000000000000000 	   8.360312190138213 	    7.360312190138212 	   -0.117772192705873 	   1.985012566411786 	    0.985012566411786 	    2.715694306728095 
   0.152869779456000 	    2.607355105000000 	    1.144720604800000 	   11.726276993000001 	   7.375699891800000 	    5.800000000000000 	    0.000000000000000 	   8.360312190138213 	    7.360312190138212 	   -0.117772192705873 	   1.985012566411786 	    0.985012566411786 	    2.715694306728095 
   0.154339322188000 	    2.551131305600000 	    1.102623563800000 	   12.058850163000001 	   7.375699891800000 	    5.800000000000000 	    0.000000000000000 	   8.360312190138213 	    7.360312190138212 	   -0.117772192705873 	   1.985012566411786 	    0.985012566411786 	    2.715694306728095 
   0.155808864921000 	    2.494666920400000 	    1.061156795600000 	   12.389776061999999 	   7.375699891800000 	    5.800000000000000 	    0.000000000000000 	   8.360312190138213 	    7.360312190138212 	   -0.117772192705873 	   1.985012566411786 	    0.985012566411786 	    2.715694306728095 
   0.157215096957000 	    2.440501403300000 	    1.022143594500000 	   12.703686238000000 	   7.375699891800000 	    5.800000000000000 	    0.000000000000000 	   8.360312190138213 	    7.360312190138212 	   -0.117772192705873 	   1.985012566411786 	    0.985012566411786 	    2.715694306728095 
   0.158621328993000 	    2.386296476900000 	    0.983854620500000 	   13.013669058000000 	   7.375699891800000 	    5.800000000000000 	    0.000000000000000 	   8.360312190138213 	    7.360312190138212 	   -0.117772192705873 	   1.985012566411786 	    0.985012566411786 	    2.715694306728095 
   0.160027561030000 	    2.332144555900000 	    0.946357604460000 	   13.318468681000001 	   7.375699891800000 	    5.800000000000000 	    0.000000000000000 	   8.360312190138213 	    7.360312190138212 	   -0.117772192705873 	   1.985012566411786 	    0.985012566411786 	    2.715694306728095 
   0.161433793066000 	    2.278139798100000 	    0.909716683320000 	   13.616795067000000 	   7.375699891800000 	    5.800000000000000 	    0.000000000000000 	   8.360312190138213 	    7.360312190138212 	   -0.117772192705873 	   1.985012566411786 	    0.985012566411786 	    2.715694306728095 
   0.162916577588000 	    2.221459562600000 	    0.872074456680000 	   13.922902328999999 	   7.375699891800000 	    5.800000000000000 	    0.000000000000000 	   8.360312190138213 	    7.360312190138212 	   -0.117772192705873 	   1.985012566411786 	    0.985012566411786 	    2.715694306728095 
   0.164399362111000 	    2.165160831700000 	    0.835515292200000 	   14.218802694000001 	   7.375699891800000 	    5.800000000000000 	    0.000000000000000 	   8.360312190138213 	    7.360312190138212 	   -0.117772192705873 	   1.985012566411786 	    0.985012566411786 	    2.715694306728095 
   0.165882146633000 	    2.109354856700000 	    0.800097226550000 	   14.502955388000000 	   7.375699891800000 	    5.800000000000000 	    0.000000000000000 	   8.360312190138213 	    7.360312190138212 	   -0.117772192705873 	   1.985012566411786 	    0.985012566411786 	    2.715694306728095 
   0.167364931155000 	    2.054151192400000 	    0.765871249220000 	   14.773846595000000 	   7.375699891800000 	    5.800000000000000 	    0.000000000000000 	   8.360312190138213 	    7.360312190138212 	   -0.117772192705873 	   1.985012566411786 	    0.985012566411786 	    2.715694306728095 
   0.168930671276000 	    1.996631085700000 	    0.731072523440000 	   15.043875247000001 	   7.375699891800000 	    5.800000000000000 	    0.000000000000000 	   8.360312190138213 	    7.360312190138212 	   -0.117772192705873 	   1.985012566411786 	    0.985012566411786 	    2.715694306728095 
   0.170496411398000 	    1.940023127200000 	    0.697693368000000 	   15.295832702000000 	   7.375699891800000 	    5.800000000000000 	    0.000000000000000 	   8.360312190138213 	    7.360312190138212 	   -0.117772192705873 	   1.985012566411786 	    0.985012566411786 	    2.715694306728095 
   0.172062151520000 	    1.884442796500000 	    0.665765820380000 	   15.528180821999999 	   7.375699891800000 	    5.800000000000000 	    0.000000000000000 	   8.360312190138213 	    7.360312190138212 	   -0.117772192705873 	   1.985012566411786 	    0.985012566411786 	    2.715694306728095 
   0.173627891640000 	    1.829998616700000 	    0.635312040390000 	   15.739512921999999 	   7.375699891800000 	    5.800000000000000 	    0.000000000000000 	   8.360312190138213 	    7.360312190138212 	   -0.117772192705873 	   1.985012566411786 	    0.985012566411786 	    2.715694306728095 
   0.175640280680000 	    1.761852895200000 	    0.598354223770000 	   15.978267417000000 	   7.375699891800000 	    5.800000000000000 	    0.000000000000000 	   8.360312190138213 	    7.360312190138212 	   -0.117772192705873 	   1.985012566411786 	    0.985012566411786 	    2.715694306728095 
   0.177652669720000 	    1.695941552200000 	    0.563854348550000 	   16.178004473000001 	   7.375699891800000 	    5.800000000000000 	    0.000000000000000 	   8.360312190138213 	    7.360312190138212 	   -0.117772192705873 	   1.985012566411786 	    0.985012566411786 	    2.715694306728095 
   0.179665058750000 	    1.632430356700000 	    0.531792468760000 	   16.337001848000000 	   7.375699891800000 	    5.800000000000000 	    0.000000000000000 	   8.360312190138213 	    7.360312190138212 	   -0.117772192705873 	   1.985012566411786 	    0.985012566411786 	    2.715694306728095 
   0.181677447790000 	    1.571457345600000 	    0.502127037840000 	   16.454089072999999 	   7.375699891800000 	    5.800000000000000 	    0.000000000000000 	   8.360312190138213 	    7.360312190138212 	   -0.117772192705873 	   1.985012566411786 	    0.985012566411786 	    2.715694306728095 
   0.183215866130000 	    1.526626206900000 	    0.481027815350000 	   16.514936413000001 	   7.375699891800000 	    5.800000000000000 	    0.000000000000000 	   8.360312190138213 	    7.360312190138212 	   -0.117772192705873 	   1.985012566411786 	    0.985012566411786 	    2.715694306728095 
   0.184754284470000 	    1.483380935700000 	    0.461260583120000 	   16.550880595999999 	   7.375699891800000 	    5.800000000000000 	    0.000000000000000 	   8.360312190138213 	    7.360312190138212 	   -0.117772192705873 	   1.985012566411786 	    0.985012566411786 	    2.715694306728095 
   0.186292702810000 	    1.441749884900000 	    0.442787306720000 	   16.562063962000000 	   7.375699891800000 	    5.800000000000000 	    0.000000000000000 	   8.360312190138213 	    7.360312190138212 	   -0.117772192705873 	   1.985012566411786 	    0.985012566411786 	    2.715694306728095 
   0.187831121150000 	    1.401752254700000 	    0.425566123090000 	   16.548809414000001 	   7.375699891800000 	    5.800000000000000 	    0.000000000000000 	   8.360312190138213 	    7.360312190138212 	   -0.117772192705873 	   1.985012566411786 	    0.985012566411786 	    2.715694306728095 
   0.189344160860000 	    1.364017848400000 	    0.409806710040000 	   16.512414938999999 	   7.375699891800000 	    5.800000000000000 	    0.000000000000000 	   8.360312190138213 	    7.360312190138212 	   -0.117772192705873 	   1.985012566411786 	    0.985012566411786 	    2.715694306728095 
   0.190857200560000 	    1.327875750200000 	    0.395170023630000 	   16.453476719000001 	   7.375699891800000 	    5.800000000000000 	    0.000000000000000 	   8.360312190138213 	    7.360312190138212 	   -0.117772192705873 	   1.985012566411786 	    0.985012566411786 	    2.715694306728095 
   0.192370240260000 	    1.293321094100000 	    0.381609700620000 	   16.372744048000001 	   7.375699891800000 	    5.800000000000000 	    0.000000000000000 	   8.360312190138213 	    7.360312190138212 	   -0.117772192705873 	   1.985012566411786 	    0.985012566411786 	    2.715694306728095 
   0.193883279960000 	    1.260342505100000 	    0.369078488540000 	   16.271083933000000 	   7.375699891800000 	    5.800000000000000 	    0.000000000000000 	   8.360312190138213 	    7.360312190138212 	   -0.117772192705873 	   1.985012566411786 	    0.985012566411786 	    2.715694306728095 
   0.195498462310000 	    1.226857223700000 	    0.356783227310000 	   16.140562621000001 	   7.375699891800000 	    5.800000000000000 	    0.000000000000000 	   8.360312190138213 	    7.360312190138212 	   -0.117772192705873 	   1.985012566411786 	    0.985012566411786 	    2.715694306728095 
   0.197113644660000 	    1.195120596400000 	    0.345548668720000 	   15.988586149000000 	   7.375699891800000 	    5.800000000000000 	    0.000000000000000 	   8.360312190138213 	    7.360312190138212 	   -0.117772192705873 	   1.985012566411786 	    0.985012566411786 	    2.715694306728095 
   0.198728827000000 	    1.165099179400000 	    0.335317829180000 	   15.816528077999999 	   7.375699891800000 	    5.800000000000000 	    0.000000000000000 	   8.360312190138213 	    7.360312190138212 	   -0.117772192705873 	   1.985012566411786 	    0.985012566411786 	    2.715694306728095 
   0.200344009350000 	    1.136754513600000 	    0.326034951240000 	   15.625828301000000 	   7.375699891800000 	    5.800000000000000 	    0.000000000000000 	   8.360312190138213 	    7.360312190138212 	   -0.117772192705873 	   1.985012566411786 	    0.985012566411786 	    2.715694306728095 
   0.202427046620000 	    1.102605633900000 	    0.315375322590000 	   15.354776190000001 	   7.375699891800000 	    5.800000000000000 	    0.000000000000000 	   8.360312190138213 	    7.360312190138212 	   -0.117772192705873 	   1.985012566411786 	    0.985012566411786 	    2.715694306728095 
   0.204510083890000 	    1.071074660000000 	    0.306091109600000 	   15.058437679000001 	   7.375699891800000 	    5.800000000000000 	    0.000000000000000 	   8.360312190138213 	    7.360312190138212 	   -0.117772192705873 	   1.985012566411786 	    0.985012566411786 	    2.715694306728095 
   0.206593121160000 	    1.042055454300000 	    0.298077119620000 	   14.740059436999999 	   7.375699891800000 	    5.800000000000000 	    0.000000000000000 	   8.360312190138213 	    7.360312190138212 	   -0.117772192705873 	   1.985012566411786 	    0.985012566411786 	    2.715694306728095 
   0.208676158430000 	    1.015437530000000 	    0.291234796000000 	   14.402839286000001 	   7.375699891800000 	    5.800000000000000 	    0.000000000000000 	   8.360312190138213 	    7.360312190138212 	   -0.117772192705873 	   1.985012566411786 	    0.985012566411786 	    2.715694306728095 
   0.211645356230000 	    0.981423716030000 	    0.283327408400000 	   13.895690246999999 	   7.375699891800000 	    5.800000000000000 	    0.000000000000000 	   8.360312190138213 	    7.360312190138212 	   -0.117772192705873 	   1.985012566411786 	    0.985012566411786 	    2.715694306728095 
   0.214614554030000 	    0.951731208570000 	    0.277374316290000 	   13.365042892000000 	   7.375699891800000 	    5.800000000000000 	    0.000000000000000 	   8.360312190138213 	    7.360312190138212 	   -0.117772192705873 	   1.985012566411786 	    0.985012566411786 	    2.715694306728095 
   0.217583751830000 	    0.926037899700000 	    0.273161876400000 	   12.818681493000000 	   7.375699891800000 	    5.800000000000000 	    0.000000000000000 	   8.360312190138213 	    7.360312190138212 	   -0.117772192705873 	   1.985012566411786 	    0.985012566411786 	    2.715694306728095 
   0.220552949630000 	    0.904033195420000 	    0.270502553230000 	   12.263584798000000 	   7.375699891800000 	    5.800000000000000 	    0.000000000000000 	   8.360312190138213 	    7.360312190138212 	   -0.117772192705873 	   1.985012566411786 	    0.985012566411786 	    2.715694306728095 
   0.222958834080000 	    0.888704926360000 	    0.269373782920000 	   11.811634420000001 	   7.375699891800000 	    5.800000000000000 	    0.000000000000000 	   8.360312190138213 	    7.360312190138212 	   -0.117772192705873 	   1.985012566411786 	    0.985012566411786 	    2.715694306728095 
   0.225364718530000 	    0.875455783520000 	    0.269080392670000 	   11.360835120000001 	   7.375699891800000 	    5.800000000000000 	    0.000000000000000 	   8.360312190138213 	    7.360312190138212 	   -0.117772192705873 	   1.985012566411786 	    0.985012566411786 	    2.715694306728095 
   0.227770602980000 	    0.864145702650000 	    0.269554151430000 	   10.913673341999999 	   7.375699891800000 	    5.800000000000000 	    0.000000000000000 	   8.360312190138213 	    7.360312190138212 	   -0.117772192705873 	   1.985012566411786 	    0.985012566411786 	    2.715694306728095 
   0.230176487430000 	    0.854643133580000 	    0.270734370590000 	   10.472290899000001 	   7.375699891800000 	    5.800000000000000 	    0.000000000000000 	   8.360312190138213 	    7.360312190138212 	   -0.117772192705873 	   1.985012566411786 	    0.985012566411786 	    2.715694306728095 
   0.232519533940000 	    0.847008785880000 	    0.272511399510000 	   10.049724200000000 	   7.375699891800000 	    5.800000000000000 	    0.000000000000000 	   8.360312190138213 	    7.360312190138212 	   -0.117772192705873 	   1.985012566411786 	    0.985012566411786 	    2.715694306728095 
   0.234862580440000 	    0.840866024070000 	    0.274862986350000 	    9.635766406800000 	   7.375699891800000 	    5.800000000000000 	    0.000000000000000 	   8.360312190138213 	    7.360312190138212 	   -0.117772192705873 	   1.985012566411786 	    0.985012566411786 	    2.715694306728095 
   0.237205626950000 	    0.836116078400000 	    0.277749526780000 	    9.231574966600000 	   7.375699891800000 	    5.800000000000000 	    0.000000000000000 	   8.360312190138213 	    7.360312190138212 	   -0.117772192705873 	   1.985012566411786 	    0.985012566411786 	    2.715694306728095 
   0.239548673460000 	    0.832667121960000 	    0.281135630940000 	    8.838082368800000 	   7.375699891800000 	    5.800000000000000 	    0.000000000000000 	   8.360312190138213 	    7.360312190138212 	   -0.117772192705873 	   1.985012566411786 	    0.985012566411786 	    2.715694306728095 
   0.242027467970000 	    0.830340128000000 	    0.285226681420000 	    8.434244578700000 	   7.375699891800000 	    5.800000000000000 	    0.000000000000000 	   8.360312190138213 	    7.360312190138212 	   -0.117772192705873 	   1.985012566411786 	    0.985012566411786 	    2.715694306728095 
   0.244506262490000 	    0.829280584100000 	    0.289807982510000 	    8.043839619500000 	   7.375699891800000 	    5.800000000000000 	    0.000000000000000 	   8.360312190138213 	    7.360312190138212 	   -0.117772192705873 	   1.985012566411786 	    0.985012566411786 	    2.715694306728095 
   0.246985057010000 	    0.829402338830000 	    0.294849566610000 	    7.667316629300000 	   7.375699891800000 	    5.800000000000000 	    0.000000000000000 	   8.360312190138213 	    7.360312190138212 	   -0.117772192705873 	   1.985012566411786 	    0.985012566411786 	    2.715694306728095 
   0.249463851530000 	    0.830625941480000 	    0.300324564590000 	    7.304953394000000 	   7.375699891800000 	    5.800000000000000 	    0.000000000000000 	   8.360312190138213 	    7.360312190138212 	   -0.117772192705873 	   1.985012566411786 	    0.985012566411786 	    2.715694306728095 
   0.252199221290000 	    0.833167289750000 	    0.306840386300000 	    6.921667731200000 	   7.375699891800000 	    5.800000000000000 	    0.000000000000000 	   8.360312190138213 	    7.360312190138212 	   -0.117772192705873 	   1.985012566411786 	    0.985012566411786 	    2.715694306728095 
   0.254934591040000 	    0.836870979240000 	    0.313825476950000 	    6.555777686600000 	   7.375699891800000 	    5.800000000000000 	    0.000000000000000 	   8.360312190138213 	    7.360312190138212 	   -0.117772192705873 	   1.985012566411786 	    0.985012566411786 	    2.715694306728095 
   0.257669960800000 	    0.841654266210000 	    0.321253616480000 	    6.207130704200000 	   7.375699891800000 	    5.800000000000000 	    0.000000000000000 	   8.360312190138213 	    7.360312190138212 	   -0.117772192705873 	   1.985012566411786 	    0.985012566411786 	    2.715694306728095 
   0.260405330560000 	    0.847441363710000 	    0.329101123150000 	    5.875449566000000 	   7.375699891800000 	    5.800000000000000 	    0.000000000000000 	   8.360312190138213 	    7.360312190138212 	   -0.117772192705873 	   1.985012566411786 	    0.985012566411786 	    2.715694306728095 
   0.263551380550000 	    0.855248644710000 	    0.338617582640000 	    5.514453449000000 	   7.375699891800000 	    5.800000000000000 	    0.000000000000000 	   8.360312190138213 	    7.360312190138212 	   -0.117772192705873 	   1.985012566411786 	    0.985012566411786 	    2.715694306728095 
   0.266697430540000 	    0.864195771610000 	    0.348630792250000 	    5.174696447200000 	   7.375699891800000 	    5.800000000000000 	    0.000000000000000 	   8.360312190138213 	    7.360312190138212 	   -0.117772192705873 	   1.985012566411786 	    0.985012566411786 	    2.715694306728095 
   0.269843480530000 	    0.874195200710000 	    0.359113819190000 	    4.855381285000000 	   7.375699891800000 	    5.800000000000000 	    0.000000000000000 	   8.360312190138213 	    7.360312190138212 	   -0.117772192705873 	   1.985012566411786 	    0.985012566411786 	    2.715694306728095 
   0.272989530520000 	    0.885167292800000 	    0.370042038590000 	    4.555641994100000 	   7.375699891800000 	    5.800000000000000 	    0.000000000000000 	   8.360312190138213 	    7.360312190138212 	   -0.117772192705873 	   1.985012566411786 	    0.985012566411786 	    2.715694306728095 
   0.276873893470000 	    0.899948827380000 	    0.384115532070000 	    4.211209033400000 	   7.375699891800000 	    5.800000000000000 	    0.000000000000000 	   8.360312190138213 	    7.360312190138212 	   -0.117772192705873 	   1.985012566411786 	    0.985012566411786 	    2.715694306728095 
   0.280758256430000 	    0.915979522270000 	    0.398794117330000 	    3.893470943000000 	   7.375699891800000 	    5.800000000000000 	    0.000000000000000 	   8.360312190138213 	    7.360312190138212 	   -0.117772192705873 	   1.985012566411786 	    0.985012566411786 	    2.715694306728095 
   0.284642619390000 	    0.933148514740000 	    0.414041780970000 	    3.600665794200000 	   7.375699891800000 	    5.800000000000000 	    0.000000000000000 	   8.360312190138213 	    7.360312190138212 	   -0.117772192705873 	   1.985012566411786 	    0.985012566411786 	    2.715694306728095 
   0.288526982340000 	    0.951355999250000 	    0.429825156890000 	    3.331058491900000 	   7.375699891800000 	    5.800000000000000 	    0.000000000000000 	   8.360312190138213 	    7.360312190138212 	   -0.117772192705873 	   1.985012566411786 	    0.985012566411786 	    2.715694306728095 
   0.293612438810000 	    0.976614265260000 	    0.451247159970000 	    3.010350774800000 	   7.375699891800000 	    5.800000000000000 	    0.000000000000000 	   8.360312190138213 	    7.360312190138212 	   -0.117772192705873 	   1.985012566411786 	    0.985012566411786 	    2.715694306728095 
   0.298697895270000 	    1.003318655700000 	    0.473469369250000 	    2.722929324000000 	   7.375699891800000 	    5.800000000000000 	    0.000000000000000 	   8.360312190138213 	    7.360312190138212 	   -0.117772192705873 	   1.985012566411786 	    0.985012566411786 	    2.715694306728095 
   0.303783351730000 	    1.031309648200000 	    0.496431485580000 	    2.465443306200000 	   7.375699891800000 	    5.800000000000000 	    0.000000000000000 	   8.360312190138213 	    7.360312190138212 	   -0.117772192705873 	   1.985012566411786 	    0.985012566411786 	    2.715694306728095 
   0.308868808200000 	    1.060445731600000 	    0.520077181930000 	    2.234804374800000 	   7.375699891800000 	    5.800000000000000 	    0.000000000000000 	   8.360312190138213 	    7.360312190138212 	   -0.117772192705873 	   1.985012566411786 	    0.985012566411786 	    2.715694306728095 
   0.314063500000000 	    1.091259119100000 	    0.544881651600000 	    2.023996974300000 	   7.375699891800000 	    5.800000000000000 	    0.000000000000000 	   8.360312190138213 	    7.360312190138212 	   -0.117772192705873 	   1.985012566411786 	    0.985012566411786 	    2.715694306728095 
   0.319258191800000 	    1.123016161600000 	    0.570291303080000 	    1.835536357300000 	   7.375699891800000 	    5.800000000000000 	    0.000000000000000 	   8.360312190138213 	    7.360312190138212 	   -0.117772192705873 	   1.985012566411786 	    0.985012566411786 	    2.715694306728095 
   0.324452883600000 	    1.155609430800000 	    0.596256181740000 	    1.666970361900000 	   7.375699891800000 	    5.800000000000000 	    0.000000000000000 	   8.360312190138213 	    7.360312190138212 	   -0.117772192705873 	   1.985012566411786 	    0.985012566411786 	    2.715694306728095 
   0.329647575400000 	    1.188942466700000 	    0.622729167410000 	    1.516102075200000 	   7.375699891800000 	    5.800000000000000 	    0.000000000000000 	   8.360312190138213 	    7.360312190138212 	   -0.117772192705873 	   1.985012566411786 	    0.985012566411786 	    2.715694306728095 
   0.335226982770000 	    1.225469242200000 	    0.651677949050000 	    1.371539978800000 	   7.375699891800000 	    5.800000000000000 	    0.000000000000000 	   8.360312190138213 	    7.360312190138212 	   -0.117772192705873 	   1.985012566411786 	    0.985012566411786 	    2.715694306728095 
   0.340806390130000 	    1.262652692700000 	    0.681109667850000 	    1.242982167500000 	   7.375699891800000 	    5.800000000000000 	    0.000000000000000 	   8.360312190138213 	    7.360312190138212 	   -0.117772192705873 	   1.985012566411786 	    0.985012566411786 	    2.715694306728095 
   0.346385797500000 	    1.300405848700000 	    0.710975483770000 	    1.128529724700000 	   7.375699891800000 	    5.800000000000000 	    0.000000000000000 	   8.360312190138213 	    7.360312190138212 	   -0.117772192705873 	   1.985012566411786 	    0.985012566411786 	    2.715694306728095 
   0.351965204860000 	    1.338650472000000 	    0.741229554550000 	    1.026513047100000 	   7.375699891800000 	    5.800000000000000 	    0.000000000000000 	   8.360312190138213 	    7.360312190138212 	   -0.117772192705873 	   1.985012566411786 	    0.985012566411786 	    2.715694306728095 
   0.358062155150000 	    1.380921711900000 	    0.774683269960000 	    0.927531249300000 	   7.375699891800000 	    5.800000000000000 	    0.000000000000000 	   8.360312190138213 	    7.360312190138212 	   -0.117772192705873 	   1.985012566411786 	    0.985012566411786 	    2.715694306728095 
   0.364159105440000 	    1.423613101200000 	    0.808496803040000 	    0.839985659680000 	   7.375699891800000 	    5.800000000000000 	    0.000000000000000 	   8.360312190138213 	    7.360312190138212 	   -0.117772192705873 	   1.985012566411786 	    0.985012566411786 	    2.715694306728095 
   0.370256055730000 	    1.466650475600000 	    0.842621272630000 	    0.762428595780000 	   7.375699891800000 	    5.800000000000000 	    0.000000000000000 	   8.360312190138213 	    7.360312190138212 	   -0.117772192705873 	   1.985012566411786 	    0.985012566411786 	    2.715694306728095 
   0.376353006030000 	    1.509967340100000 	    0.877011277940000 	    0.693605626970000 	   7.375699891800000 	    5.800000000000000 	    0.000000000000000 	   8.360312190138213 	    7.360312190138212 	   -0.117772192705873 	   1.985012566411786 	    0.985012566411786 	    2.715694306728095 
   0.383108053540000 	    1.558214135500000 	    0.915372455390000 	    0.626244509380000 	   7.375699891800000 	    5.800000000000000 	    0.000000000000000 	   8.360312190138213 	    7.360312190138212 	   -0.117772192705873 	   1.985012566411786 	    0.985012566411786 	    2.715694306728095 
   0.389863101060000 	    1.606658307600000 	    0.953954936260000 	    0.567003763220000 	   7.375699891800000 	    5.800000000000000 	    0.000000000000000 	   8.360312190138213 	    7.360312190138212 	   -0.117772192705873 	   1.985012566411786 	    0.985012566411786 	    2.715694306728095 
   0.396618148570000 	    1.655235197200000 	    0.992710019610000 	    0.514794637500000 	   7.375699891800000 	    5.800000000000000 	    0.000000000000000 	   8.360312190138213 	    7.360312190138212 	   -0.117772192705873 	   1.985012566411786 	    0.985012566411786 	    2.715694306728095 
   0.403373196090000 	    1.703887273800000 	    1.031593070400000 	    0.468685717290000 	   7.375699891800000 	    5.800000000000000 	    0.000000000000000 	   8.360312190138213 	    7.360312190138212 	   -0.117772192705873 	   1.985012566411786 	    0.985012566411786 	    2.715694306728095 
   0.410970654270000 	    1.758632959300000 	    1.075427267600000 	    0.423128793750000 	   7.375699891800000 	    5.800000000000000 	    0.000000000000000 	   8.360312190138213 	    7.360312190138212 	   -0.117772192705873 	   1.985012566411786 	    0.985012566411786 	    2.715694306728095 
   0.418568112460000 	    1.813344555400000 	    1.119318683100000 	    0.383320361380000 	   7.375699891800000 	    5.800000000000000 	    0.000000000000000 	   8.360312190138213 	    7.360312190138212 	   -0.117772192705873 	   1.985012566411786 	    0.985012566411786 	    2.715694306728095 
   0.426165570640000 	    1.867965208700000 	    1.163219325200000 	    0.348446035000000 	   7.375699891800000 	    5.800000000000000 	    0.000000000000000 	   8.360312190138213 	    7.360312190138212 	   -0.117772192705873 	   1.985012566411786 	    0.985012566411786 	    2.715694306728095 
   0.433763028820000 	    1.922444950400000 	    1.207085892200000 	    0.317817828970000 	   7.375699891800000 	    5.800000000000000 	    0.000000000000000 	   8.360312190138213 	    7.360312190138212 	   -0.117772192705873 	   1.985012566411786 	    0.985012566411786 	    2.715694306728095 
   0.442440564540000 	    1.984441242500000 	    1.257097057300000 	    0.287289376730000 	   7.375699891800000 	    5.800000000000000 	    0.000000000000000 	   8.360312190138213 	    7.360312190138212 	   -0.117772192705873 	   1.985012566411786 	    0.985012566411786 	    2.715694306728095 
   0.451118100250000 	    2.046139428300000 	    1.306960763900000 	    0.260817496960000 	   7.375699891800000 	    5.800000000000000 	    0.000000000000000 	   8.360312190138213 	    7.360312190138212 	   -0.117772192705873 	   1.985012566411786 	    0.985012566411786 	    2.715694306728095 
   0.459795635960000 	    2.107490036600000 	    1.356630641900000 	    0.237796024620000 	   7.375699891800000 	    5.800000000000000 	    0.000000000000000 	   8.360312190138213 	    7.360312190138212 	   -0.117772192705873 	   1.985012566411786 	    0.985012566411786 	    2.715694306728095 
   0.468473171680000 	    2.168450381700000 	    1.406065622700000 	    0.217719640120000 	   7.375699891800000 	    5.800000000000000 	    0.000000000000000 	   8.360312190138213 	    7.360312190138212 	   -0.117772192705873 	   1.985012566411786 	    0.985012566411786 	    2.715694306728095 
   0.478535781580000 	    2.238603998600000 	    1.463049294000000 	    0.197574470520000 	   7.375699891800000 	    5.800000000000000 	    0.000000000000000 	   8.360312190138213 	    7.360312190138212 	   -0.117772192705873 	   1.985012566411786 	    0.985012566411786 	    2.715694306728095 
   0.488598391490000 	    2.308134500400000 	    1.519618497500000 	    0.180281140140000 	   7.375699891800000 	    5.800000000000000 	    0.000000000000000 	   8.360312190138213 	    7.360312190138212 	   -0.117772192705873 	   1.985012566411786 	    0.985012566411786 	    2.715694306728095 
   0.498661001390000 	    2.377000550300000 	    1.575729887500000 	    0.165392821170000 	   7.375699891800000 	    5.800000000000000 	    0.000000000000000 	   8.360312190138213 	    7.360312190138212 	   -0.117772192705873 	   1.985012566411786 	    0.985012566411786 	    2.715694306728095 
   0.508723611290000 	    2.445167494500000 	    1.631345922200000 	    0.152542525330000 	   7.375699891800000 	    5.800000000000000 	    0.000000000000000 	   8.360312190138213 	    7.360312190138212 	   -0.117772192705873 	   1.985012566411786 	    0.985012566411786 	    2.715694306728095 
   0.520534263730000 	    2.524245490100000 	    1.695947779700000 	    0.139656027160000 	   7.375699891800000 	    5.800000000000000 	    0.000000000000000 	   8.360312190138213 	    7.360312190138212 	   -0.117772192705873 	   1.985012566411786 	    0.985012566411786 	    2.715694306728095 
   0.532344916170000 	    2.602282068500000 	    1.759777422000000 	    0.128766374230000 	   7.375699891800000 	    5.800000000000000 	    0.000000000000000 	   8.360312190138213 	    7.360312190138212 	   -0.117772192705873 	   1.985012566411786 	    0.985012566411786 	    2.715694306728095 
   0.544155568610000 	    2.679246032800000 	    1.822796497800000 	    0.119553053120000 	   7.375699891800000 	    5.800000000000000 	    0.000000000000000 	   8.360312190138213 	    7.360312190138212 	   -0.117772192705873 	   1.985012566411786 	    0.985012566411786 	    2.715694306728095 
   0.555966221050000 	    2.755112466600000 	    1.884972554400000 	    0.111757636880000 	   7.375699891800000 	    5.800000000000000 	    0.000000000000000 	   8.360312190138213 	    7.360312190138212 	   -0.117772192705873 	   1.985012566411786 	    0.985012566411786 	    2.715694306728095 
   0.569813619270000 	    2.842637902300000 	    1.956760299000000 	    0.104145762310000 	   7.375699891800000 	    5.800000000000000 	    0.000000000000000 	   8.360312190138213 	    7.360312190138212 	   -0.117772192705873 	   1.985012566411786 	    0.985012566411786 	    2.715694306728095 
   0.583661017490000 	    2.928602910900000 	    2.027313860100000 	    0.097930828866000 	   7.375699891800000 	    5.800000000000000 	    0.000000000000000 	   8.360312190138213 	    7.360312190138212 	   -0.117772192705873 	   1.985012566411786 	    0.985012566411786 	    2.715694306728095 
   0.597508415710000 	    3.012988793200000 	    2.096601462800000 	    0.092902776809000 	   7.375699891800000 	    5.800000000000000 	    0.000000000000000 	   8.360312190138213 	    7.360312190138212 	   -0.117772192705873 	   1.985012566411786 	    0.985012566411786 	    2.715694306728095 
   0.611355813930000 	    3.095781617200000 	    2.164595968000000 	    0.088897733636000 	   7.375699891800000 	    5.800000000000000 	    0.000000000000000 	   8.360312190138213 	    7.360312190138212 	   -0.117772192705873 	   1.985012566411786 	    0.985012566411786 	    2.715694306728095 
   0.627296312150000 	    3.189103045400000 	    2.241236237800000 	    0.085391221660000 	   7.375699891800000 	    5.800000000000000 	    0.000000000000000 	   8.360312190138213 	    7.360312190138212 	   -0.117772192705873 	   1.985012566411786 	    0.985012566411786 	    2.715694306728095 
   0.643236810370000 	    3.280287502500000 	    2.316098617600000 	    0.082929256099000 	   7.375699891800000 	    5.800000000000000 	    0.000000000000000 	   8.360312190138213 	    7.360312190138212 	   -0.117772192705873 	   1.985012566411786 	    0.985012566411786 	    2.715694306728095 
   0.659177308590000 	    3.369324871500000 	    2.389151802700000 	    0.081408999976000 	   7.375699891800000 	    5.800000000000000 	    0.000000000000000 	   8.360312190138213 	    7.360312190138212 	   -0.117772192705873 	   1.985012566411786 	    0.985012566411786 	    2.715694306728095 
   0.675117806810000 	    3.456205524000000 	    2.460364316800000 	    0.080762832282000 	   7.375699891800000 	    5.800000000000000 	    0.000000000000000 	   8.360312190138213 	    7.360312190138212 	   -0.117772192705873 	   1.985012566411786 	    0.985012566411786 	    2.715694306728095 
   0.689691890750000 	    3.533742330300000 	    2.523833277100000 	    0.080905278005000 	   7.375699891800000 	    5.800000000000000 	    0.000000000000000 	   8.360312190138213 	    7.360312190138212 	   -0.117772192705873 	   1.985012566411786 	    0.985012566411786 	    2.715694306728095 
   0.704265974690000 	    3.609456955500000 	    2.585706898000000 	    0.081739254921000 	   7.375699891800000 	    5.800000000000000 	    0.000000000000000 	   8.360312190138213 	    7.360312190138212 	   -0.117772192705873 	   1.985012566411786 	    0.985012566411786 	    2.715694306728095 
   0.718840058630000 	    3.683335743300000 	    2.645952047800000 	    0.083275196264000 	   7.375699891800000 	    5.800000000000000 	    0.000000000000000 	   8.360312190138213 	    7.360312190138212 	   -0.117772192705873 	   1.985012566411786 	    0.985012566411786 	    2.715694306728095 
   0.733414142570000 	    3.755360604100000 	    2.704529722900000 	    0.085542088315000 	   7.375699891800000 	    5.800000000000000 	    0.000000000000000 	   8.360312190138213 	    7.360312190138212 	   -0.117772192705873 	   1.985012566411786 	    0.985012566411786 	    2.715694306728095 
   0.745764670460000 	    3.814927979600000 	    2.752830694000000 	    0.088070730425000 	   7.375699891800000 	    5.800000000000000 	    0.000000000000000 	   8.360312190138213 	    7.360312190138212 	   -0.117772192705873 	   1.985012566411786 	    0.985012566411786 	    2.715694306728095 
   0.758115198340000 	    3.873128436500000 	    2.799867348700000 	    0.091200080446000 	   7.375699891800000 	    5.800000000000000 	    0.000000000000000 	   8.360312190138213 	    7.360312190138212 	   -0.117772192705873 	   1.985012566411786 	    0.985012566411786 	    2.715694306728095 
   0.770465726230000 	    3.929938720900000 	    2.845600000200000 	    0.094983872690000 	   7.375699891800000 	    5.800000000000000 	    0.000000000000000 	   8.360312190138213 	    7.360312190138212 	   -0.117772192705873 	   1.985012566411786 	    0.985012566411786 	    2.715694306728095 
   0.782816254110000 	    3.985329998700000 	    2.889981737400000 	    0.099489803758000 	   7.375699891800000 	    5.800000000000000 	    0.000000000000000 	   8.360312190138213 	    7.360312190138212 	   -0.117772192705873 	   1.985012566411786 	    0.985012566411786 	    2.715694306728095 
   0.793453998890000 	    4.031875208300000 	    2.927083566500000 	    0.104013246050000 	   7.375699891800000 	    5.800000000000000 	    0.000000000000000 	   8.360312190138213 	    7.360312190138212 	   -0.117772192705873 	   1.985012566411786 	    0.985012566411786 	    2.715694306728095 
   0.804091743670000 	    4.077314204500000 	    2.963100745500000 	    0.109198898460000 	   7.375699891800000 	    5.800000000000000 	    0.000000000000000 	   8.360312190138213 	    7.360312190138212 	   -0.117772192705873 	   1.985012566411786 	    0.985012566411786 	    2.715694306728095 
   0.814729488450000 	    4.121614443000000 	    2.997985083800000 	    0.115123784260000 	   7.375699891800000 	    5.800000000000000 	    0.000000000000000 	   8.360312190138213 	    7.360312190138212 	   -0.117772192705873 	   1.985012566411786 	    0.985012566411786 	    2.715694306728095 
   0.825367233230000 	    4.164737330200000 	    3.031680612800000 	    0.121879282960000 	   7.375699891800000 	    5.800000000000000 	    0.000000000000000 	   8.360312190138213 	    7.360312190138212 	   -0.117772192705873 	   1.985012566411786 	    0.985012566411786 	    2.715694306728095 
   0.834604343420000 	    4.201192192700000 	    3.059925135500000 	    0.128502486440000 	   7.375699891800000 	    5.800000000000000 	    0.000000000000000 	   8.360312190138213 	    7.360312190138212 	   -0.117772192705873 	   1.985012566411786 	    0.985012566411786 	    2.715694306728095 
   0.843841453600000 	    4.236690196900000 	    3.087175517400000 	    0.135916271090000 	   7.375699891800000 	    5.800000000000000 	    0.000000000000000 	   8.360312190138213 	    7.360312190138212 	   -0.117772192705873 	   1.985012566411786 	    0.985012566411786 	    2.715694306728095 
   0.853078563790000 	    4.271190945700000 	    3.113375753900000 	    0.144217341920000 	   7.375699891800000 	    5.800000000000000 	    0.000000000000000 	   8.360312190138213 	    7.360312190138212 	   -0.117772192705873 	   1.985012566411786 	    0.985012566411786 	    2.715694306728095 
   0.862315673970000 	    4.304647708600000 	    3.138461776700000 	    0.153518326910000 	   7.375699891800000 	    5.800000000000000 	    0.000000000000000 	   8.360312190138213 	    7.360312190138212 	   -0.117772192705873 	   1.985012566411786 	    0.985012566411786 	    2.715694306728095 
   0.870395339440000 	    4.333014047200000 	    3.159433581000000 	    0.162576287580000 	   7.375699891800000 	    5.800000000000000 	    0.000000000000000 	   8.360312190138213 	    7.360312190138212 	   -0.117772192705873 	   1.985012566411786 	    0.985012566411786 	    2.715694306728095 
   0.878475004910000 	    4.360499048000000 	    3.179441281900000 	    0.172601084220000 	   7.375699891800000 	    5.800000000000000 	    0.000000000000000 	   8.360312190138213 	    7.360312190138212 	   -0.117772192705873 	   1.985012566411786 	    0.985012566411786 	    2.715694306728095 
   0.886554670380000 	    4.387055530600000 	    3.198421894600000 	    0.183709965380000 	   7.375699891800000 	    5.800000000000000 	    0.000000000000000 	   8.360312190138213 	    7.360312190138212 	   -0.117772192705873 	   1.985012566411786 	    0.985012566411786 	    2.715694306728095 
   0.894634335840000 	    4.412629745200000 	    3.216304190900000 	    0.196038223060000 	   7.375699891800000 	    5.800000000000000 	    0.000000000000000 	   8.360312190138213 	    7.360312190138212 	   -0.117772192705873 	   1.985012566411786 	    0.985012566411786 	    2.715694306728095 
   0.901745175740000 	    4.434276304700000 	    3.231069843100000 	    0.208020616870000 	   7.375699891800000 	    5.800000000000000 	    0.000000000000000 	   8.360312190138213 	    7.360312190138212 	   -0.117772192705873 	   1.985012566411786 	    0.985012566411786 	    2.715694306728095 
   0.908856015640000 	    4.455067500900000 	    3.244860768400000 	    0.221190686580000 	   7.375699891800000 	    5.800000000000000 	    0.000000000000000 	   8.360312190138213 	    7.360312190138212 	   -0.117772192705873 	   1.985012566411786 	    0.985012566411786 	    2.715694306728095 
   0.915966855530000 	    4.474950098500000 	    3.257607788700000 	    0.235688702670000 	   7.375699891800000 	    5.800000000000000 	    0.000000000000000 	   8.360312190138213 	    7.360312190138212 	   -0.117772192705873 	   1.985012566411786 	    0.985012566411786 	    2.715694306728095 
   0.923077695430000 	    4.493864082300000 	    3.269233382300000 	    0.251675509770000 	   7.375699891800000 	    5.800000000000000 	    0.000000000000000 	   8.360312190138213 	    7.360312190138212 	   -0.117772192705873 	   1.985012566411786 	    0.985012566411786 	    2.715694306728095 
   0.929374622520000 	    4.509750359000000 	    3.278522538000000 	    0.267223079220000 	   7.375699891800000 	    5.800000000000000 	    0.000000000000000 	   8.360312190138213 	    7.360312190138212 	   -0.117772192705873 	   1.985012566411786 	    0.985012566411786 	    2.715694306728095 
   0.935671549610000 	    4.524771391800000 	    3.286796982700000 	    0.284229199410000 	   7.375699891800000 	    5.800000000000000 	    0.000000000000000 	   8.360312190138213 	    7.360312190138212 	   -0.117772192705873 	   1.985012566411786 	    0.985012566411786 	    2.715694306728095 
   0.941968476700000 	    4.538868239600000 	    3.293981897600000 	    0.302860967280000 	   7.375699891800000 	    5.800000000000000 	    0.000000000000000 	   8.360312190138213 	    7.360312190138212 	   -0.117772192705873 	   1.985012566411786 	    0.985012566411786 	    2.715694306728095 
   0.948265403780000 	    4.551974972800000 	    3.299994073500000 	    0.323309046770000 	   7.375699891800000 	    5.800000000000000 	    0.000000000000000 	   8.360312190138213 	    7.360312190138212 	   -0.117772192705873 	   1.985012566411786 	    0.985012566411786 	    2.715694306728095 
   0.953878027770000 	    4.562763064000000 	    3.304289433300000 	    0.343242245700000 	   7.375699891800000 	    5.800000000000000 	    0.000000000000000 	   8.360312190138213 	    7.360312190138212 	   -0.117772192705873 	   1.985012566411786 	    0.985012566411786 	    2.715694306728095 
   0.959490651760000 	    4.572647829400000 	    3.307507075500000 	    0.364966667980000 	   7.375699891800000 	    5.800000000000000 	    0.000000000000000 	   8.360312190138213 	    7.360312190138212 	   -0.117772192705873 	   1.985012566411786 	    0.985012566411786 	    2.715694306728095 
   0.965103275750000 	    4.581564598700000 	    3.309566818300000 	    0.388681587530000 	   7.375699891800000 	    5.800000000000000 	    0.000000000000000 	   8.360312190138213 	    7.360312190138212 	   -0.117772192705873 	   1.985012566411786 	    0.985012566411786 	    2.715694306728095 
   0.970715899730000 	    4.589441483000000 	    3.310380076500000 	    0.414613436640000 	   7.375699891800000 	    5.800000000000000 	    0.000000000000000 	   8.360312190138213 	    7.360312190138212 	   -0.117772192705873 	   1.985012566411786 	    0.985012566411786 	    2.715694306728095 
   0.975755017820000 	    4.595561967100000 	    3.309967962500000 	    0.439995509830000 	   7.375699891800000 	    5.800000000000000 	    0.000000000000000 	   8.360312190138213 	    7.360312190138212 	   -0.117772192705873 	   1.985012566411786 	    0.985012566411786 	    2.715694306728095 
   0.980794135910000 	    4.600715772600000 	    3.308394315700000 	    0.467583173860000 	   7.375699891800000 	    5.800000000000000 	    0.000000000000000 	   8.360312190138213 	    7.360312190138212 	   -0.117772192705873 	   1.985012566411786 	    0.985012566411786 	    2.715694306728095 
   0.985833254000000 	    4.604832042900000 	    3.305573524800000 	    0.497615492030000 	   7.375699891800000 	    5.800000000000000 	    0.000000000000000 	   8.360312190138213 	    7.360312190138212 	   -0.117772192705873 	   1.985012566411786 	    0.985012566411786 	    2.715694306728095 
   0.990872372090000 	    4.607832420500000 	    3.301411576600000 	    0.530363117040000 	   7.375699891800000 	    5.800000000000000 	    0.000000000000000 	   8.360312190138213 	    7.360312190138212 	   -0.117772192705873 	   1.985012566411786 	    0.985012566411786 	    2.715694306728095 
   0.995436186050000 	    4.609514548900000 	    3.296398738900000 	    0.562620707640000 	   7.375699891800000 	    5.800000000000000 	    0.000000000000000 	   8.360312190138213 	    7.360312190138212 	   -0.117772192705873 	   1.985012566411786 	    0.985012566411786 	    2.715694306728095 
   1.000000000000000 	    4.610139345700000 	    3.290117302000000 	    0.597614136560000 	   7.375699891800000 	    5.800000000000000 	    0.000000000000000 	   8.360312190138213 	    7.360312190138212 	   -0.117772192705873 	   1.985012566411786 	    0.985012566411786 	    2.715694306728095 
