
    STEP   DAMPING               NORMS              COMPUTATION TIMES
  IT SIT     GAMMA     ||d||     ||f||     ||U||   F(x)  DF(x)  SOLVE
   0                          4.78e-06  4.56e+01    0.0    0.0    0.0
   1   1  1.00e+00  2.05e-06  2.77e-14  4.56e+01    0.0    0.0    0.0
   2   1  1.00e+00  1.72e-10  1.22e-14  4.56e+01    0.0    0.0    0.0

 STEP      TIME        ||U||  LABEL  TYPE         gamma            A
    0  00:00:00   4.5569e+01      1  EP      7.4859e-02   6.7150e+00
   10  00:00:00   4.6133e+01      2          7.4940e-02   6.7150e+00
   20  00:00:00   5.0032e+01      3          7.5176e-02   6.7150e+00
   30  00:00:00   5.4908e+01      4          7.5456e-02   6.7150e+00
   40  00:00:00   6.1085e+01      5          7.5713e-02   6.7150e+00
   50  00:00:01   6.7750e+01      6          7.5922e-02   6.7150e+00
   60  00:00:01   7.4650e+01      7          7.6078e-02   6.7150e+00
   70  00:00:01   8.2488e+01      8          7.6183e-02   6.7150e+00
   80  00:00:01   8.6631e+01      9          7.6243e-02   6.7150e+00
   90  00:00:02   9.4563e+01     10  SN      7.6261e-02   6.7150e+00
   90  00:00:02   9.4597e+01     11          7.6261e-02   6.7150e+00
  100  00:00:02   9.8769e+01     12          7.6244e-02   6.7150e+00
  110  00:00:02   1.0277e+02     13          7.6195e-02   6.7150e+00
  120  00:00:02   1.0684e+02     14          7.6120e-02   6.7150e+00
  130  00:00:03   1.1074e+02     15          7.6024e-02   6.7150e+00
  140  00:00:03   1.1453e+02     16          7.5915e-02   6.7150e+00
  150  00:00:03   1.1814e+02     17  EP      7.5796e-02   6.7150e+00

 STEP      TIME        ||U||  LABEL  TYPE         gamma            A
    0  00:00:03   4.5569e+01     18  EP      7.4859e-02   6.7150e+00
    2  00:00:03   4.5569e+01     19  BP      7.4859e-02   6.7150e+00
   10  00:00:03   4.6129e+01     20          7.4940e-02   6.7150e+00
   20  00:00:03   5.0007e+01     21          7.5174e-02   6.7150e+00
   30  00:00:03   5.4886e+01     22          7.5454e-02   6.7150e+00
   40  00:00:04   6.1025e+01     23          7.5711e-02   6.7150e+00
   50  00:00:04   6.7782e+01     24          7.5921e-02   6.7150e+00
   60  00:00:04   7.4647e+01     25          7.6077e-02   6.7150e+00
   70  00:00:04   8.2432e+01     26          7.6182e-02   6.7150e+00
   80  00:00:04   8.6631e+01     27          7.6243e-02   6.7150e+00
   90  00:00:05   9.0452e+01     28  SN      7.6261e-02   6.7150e+00
   90  00:00:05   9.0620e+01     29          7.6261e-02   6.7150e+00
  100  00:00:05   9.4830e+01     30          7.6241e-02   6.7150e+00
  110  00:00:05   1.0296e+02     31          7.6190e-02   6.7150e+00
  120  00:00:05   1.1184e+02     32          7.6116e-02   6.7150e+00
  130  00:00:06   1.1544e+02     33          7.6024e-02   6.7150e+00
  140  00:00:06   1.1917e+02     34          7.5918e-02   6.7150e+00
  150  00:00:06   1.2286e+02     35  EP      7.5802e-02   6.7150e+00
