
    STEP   DAMPING               NORMS              COMPUTATION TIMES
  IT SIT     GAMMA     ||d||     ||f||     ||U||   F(x)  DF(x)  SOLVE
   0                          5.33e-07  7.46e+02    0.0    0.0    0.0

 STEP      TIME        ||U||  LABEL  TYPE             A        gamma
    0  00:00:00   7.4597e+02      1  EP      6.7150e+00   7.6261e-02
  100  00:00:03   9.8549e+02      2          6.6978e+00   7.7883e-02
  200  00:00:06   1.2245e+03      3          6.6861e+00   7.9046e-02
  300  00:00:09   1.4630e+03      4          6.6774e+00   7.9928e-02
  400  00:00:13   1.7008e+03      5          6.6708e+00   8.0623e-02
  500  00:00:16   1.9381e+03      6          6.6655e+00   8.1186e-02
  600  00:00:20   2.1748e+03      7          6.6612e+00   8.1652e-02
  700  00:00:23   2.4112e+03      8          6.6577e+00   8.2044e-02
  800  00:00:26   2.6472e+03      9          6.6547e+00   8.2378e-02
  900  00:00:30   2.8829e+03     10          6.6522e+00   8.2667e-02
 1000  00:00:33   3.1184e+03     11          6.6500e+00   8.2918e-02
 1100  00:00:36   3.3539e+03     12          6.6481e+00   8.3138e-02
 1200  00:00:39   3.5892e+03     13          6.6464e+00   8.3333e-02
 1300  00:00:43   3.8245e+03     14          6.6449e+00   8.3507e-02
 1400  00:00:46   4.0598e+03     15          6.6436e+00   8.3663e-02
 1500  00:00:49   4.2951e+03     16          6.6424e+00   8.3803e-02
 1600  00:00:52   4.5305e+03     17          6.6413e+00   8.3930e-02
 1700  00:00:56   4.7659e+03     18          6.6404e+00   8.4046e-02
 1800  00:00:59   5.0015e+03     19          6.6395e+00   8.4151e-02
 1900  00:01:02   5.2371e+03     20          6.6387e+00   8.4248e-02
 2000  00:01:06   5.4729e+03     21          6.6380e+00   8.4337e-02
 2100  00:01:09   5.7088e+03     22          6.6373e+00   8.4419e-02
 2200  00:01:12   5.9448e+03     23          6.6367e+00   8.4494e-02
 2300  00:01:16   6.1810e+03     24          6.6361e+00   8.4565e-02
 2400  00:01:19   6.4173e+03     25          6.6355e+00   8.4630e-02
 2500  00:01:23   6.6537e+03     26          6.6350e+00   8.4692e-02
 2600  00:01:26   6.8903e+03     27          6.6346e+00   8.4749e-02
 2700  00:01:29   7.1270e+03     28          6.6341e+00   8.4803e-02
 2800  00:01:33   7.3639e+03     29          6.6337e+00   8.4853e-02
 2900  00:01:36   7.6009e+03     30          6.6334e+00   8.4900e-02
 3000  00:01:40   7.8380e+03     31          6.6330e+00   8.4945e-02
 3100  00:01:43   8.0753e+03     32          6.6326e+00   8.4988e-02
 3200  00:01:47   8.3127e+03     33          6.6323e+00   8.5028e-02
 3300  00:01:50   8.5502e+03     34          6.6320e+00   8.5066e-02
 3400  00:01:54   8.7879e+03     35          6.6317e+00   8.5102e-02
 3500  00:01:58   9.0257e+03     36          6.6314e+00   8.5137e-02
 3600  00:02:02   9.2636e+03     37          6.6312e+00   8.5170e-02
 3700  00:02:05   9.5016e+03     38          6.6309e+00   8.5201e-02
 3800  00:02:09   9.7398e+03     39          6.6307e+00   8.5231e-02
 3900  00:02:12   9.9780e+03     40          6.6305e+00   8.5260e-02
 4000  00:02:16   1.0216e+04     41          6.6302e+00   8.5288e-02
 4100  00:02:19   1.0455e+04     42          6.6300e+00   8.5315e-02
 4200  00:02:23   1.0694e+04     43          6.6298e+00   8.5341e-02
 4300  00:02:27   1.0932e+04     44          6.6296e+00   8.5366e-02
 4400  00:02:30   1.1171e+04     45          6.6294e+00   8.5390e-02
 4500  00:02:34   1.1410e+04     46          6.6292e+00   8.5414e-02
 4600  00:02:38   1.1649e+04     47          6.6291e+00   8.5436e-02
 4700  00:02:42   1.1888e+04     48          6.6289e+00   8.5458e-02
 4800  00:02:45   1.2127e+04     49          6.6287e+00   8.5480e-02
 4900  00:02:49   1.2367e+04     50          6.6285e+00   8.5501e-02
 5000  00:02:53   1.2606e+04     51  EP      6.6284e+00   8.5521e-02

 STEP      TIME        ||U||  LABEL  TYPE             A        gamma
    0  00:02:53   7.4597e+02     52  EP      6.7150e+00   7.6261e-02
  100  00:02:57   5.0652e+02     53          6.7430e+00   7.3773e-02
  200  00:03:00   2.6953e+02     54          6.8004e+00   6.9137e-02
  300  00:03:05   7.1692e+01     55          7.0657e+00   5.2774e-02
  315  00:03:06   6.8731e+01     56  MX      7.2431e+00   4.4680e-02
