
    STEP   DAMPING               NORMS              COMPUTATION TIMES
  IT SIT     GAMMA     ||d||     ||f||     ||U||   F(x)  DF(x)  SOLVE
   0                          2.04e-08  1.15e+01    0.0    0.0    0.0

 STEP      TIME        ||U||  LABEL  TYPE             A        gamma
    0  00:00:00   1.1511e+01      1  EP      6.4595e+00   1.0000e-01
   50  00:00:01   1.1376e+01      2          6.2926e+00   1.2465e-01
  100  00:00:02   1.1330e+01      3          6.1711e+00   1.5145e-01
  150  00:00:02   1.1371e+01      4          6.0966e+00   1.7761e-01
  200  00:00:03   1.1489e+01      5          6.0635e+00   2.0042e-01
  224  00:00:03   1.1565e+01      6  FP      6.0601e+00   2.0931e-01
  224  00:00:03   1.1565e+01      7  BTP     6.0601e+00   2.0931e-01
  250  00:00:04   1.1669e+01      8          6.0643e+00   2.1780e-01
  300  00:00:04   1.1900e+01      9          6.0929e+00   2.2798e-01
  350  00:00:05   1.2171e+01     10          6.1444e+00   2.2939e-01
  400  00:00:06   1.2468e+01     11          6.2137e+00   2.2109e-01
  450  00:00:07   1.2779e+01     12          6.2952e+00   2.0335e-01
  500  00:00:07   1.3093e+01     13          6.3834e+00   1.7750e-01
  550  00:00:08   1.3404e+01     14          6.4746e+00   1.4536e-01
  600  00:00:08   1.3712e+01     15          6.5662e+00   1.0859e-01
  650  00:00:09   1.4016e+01     16          6.6572e+00   6.8521e-02
  683  00:00:10   1.4210e+01     17  DL_PT   6.7150e+00   4.1533e-02
  700  00:00:10   1.4319e+01     18          6.7470e+00   2.6144e-02
  730  00:00:11   1.4500e+01     19  BP      6.8000e+00   5.2182e-08
  730  00:00:11   1.4500e+01     20  EP      6.8000e+00   1.6635e-08

 STEP      TIME        ||U||  LABEL  TYPE             A        gamma
    0  00:00:11   1.1511e+01     21  EP      6.4595e+00   1.0000e-01
   50  00:00:11   1.1721e+01     22          6.6620e+00   7.9238e-02
   63  00:00:12   1.1781e+01     23  DL_PT   6.7150e+00   7.4859e-02
  100  00:00:12   1.1987e+01     24          6.8891e+00   6.2608e-02
  150  00:00:13   1.2294e+01     25          7.1318e+00   4.9538e-02
  200  00:00:14   1.2630e+01     26          7.3849e+00   3.9278e-02
  250  00:00:14   1.2988e+01     27          7.6448e+00   3.1171e-02
  300  00:00:15   1.3363e+01     28          7.9095e+00   2.4706e-02
  350  00:00:16   1.3751e+01     29          8.1777e+00   1.9499e-02
  400  00:00:17   1.4151e+01     30          8.4485e+00   1.5267e-02
  450  00:00:17   1.4560e+01     31          8.7212e+00   1.1796e-02
  500  00:00:18   1.4976e+01     32          8.9956e+00   8.9279e-03
  550  00:00:18   1.5399e+01     33          9.2712e+00   6.5412e-03
  600  00:00:19   1.5829e+01     34          9.5478e+00   4.5427e-03
  650  00:00:19   1.6263e+01     35          9.8252e+00   2.8601e-03
  700  00:00:20   1.6702e+01     36          1.0103e+01   1.4368e-03
  750  00:00:20   1.7145e+01     37          1.0382e+01   2.2755e-04
  761  00:00:20   1.7238e+01     38  EP      1.0440e+01  -1.4551e-08
