
    STEP   DAMPING               NORMS              COMPUTATION TIMES
  IT SIT     GAMMA     ||d||     ||f||     ||U||   F(x)  DF(x)  SOLVE
   0                          6.87e-13  2.85e+02    0.0    0.0    0.0

 STEP      TIME        ||U||  LABEL  TYPE             A        gamma         eps1         eps2        theta        seg_u
    0  00:00:00   2.8450e+02      1  EP      6.5165e+00   1.0000e-01   6.0603e-08   2.2571e-07   3.1416e+00   0.0000e+00
    5  00:00:01   2.8410e+02      2          6.5003e+00   1.0220e-01   5.1305e-08   2.0831e-07   3.1416e+00   0.0000e+00
   10  00:00:01   2.8353e+02      3          6.4751e+00   1.0568e-01   4.1283e-08   1.9116e-07   3.1416e+00   0.0000e+00
   15  00:00:02   2.8298e+02      4          6.4492e+00   1.0936e-01   3.2605e-08   1.7563e-07   3.1417e+00   0.0000e+00
   20  00:00:03   2.8244e+02      5          6.4228e+00   1.1322e-01   2.6111e-08   1.6043e-07   3.1417e+00   0.0000e+00
   25  00:00:04   2.8191e+02      6          6.3962e+00   1.1727e-01   2.0695e-08   1.4507e-07   3.1417e+00   0.0000e+00
   30  00:00:05   2.8140e+02      7          6.3695e+00   1.2149e-01   1.6070e-08   1.2957e-07   3.1417e+00   0.0000e+00
   35  00:00:06   2.8091e+02      8          6.3428e+00   1.2590e-01   1.2203e-08   1.1427e-07   3.1417e+00   0.0000e+00
   40  00:00:07   2.8044e+02      9          6.3163e+00   1.3048e-01   9.0768e-09   9.9603e-08   3.1417e+00   0.0000e+00
   45  00:00:08   2.7999e+02     10          6.2902e+00   1.3522e-01   6.6311e-09   8.5886e-08   3.1417e+00   0.0000e+00
   50  00:00:09   2.7957e+02     11          6.2646e+00   1.4013e-01   4.7641e-09   7.3214e-08   3.1417e+00   0.0000e+00
   55  00:00:10   2.7865e+02     12          6.2395e+00   1.4524e-01   5.4300e-09   1.0657e-07   3.1418e+00   0.0000e+00
   60  00:00:11   2.7805e+02     13          6.2149e+00   1.5055e-01   6.5338e-09   8.8938e-08   3.1418e+00   0.0000e+00
   65  00:00:12   2.7721e+02     14          6.1911e+00   1.5610e-01   7.8356e-09   1.2911e-07   3.1418e+00   0.0000e+00
   70  00:00:13   2.7642e+02     15          6.1682e+00   1.6182e-01   9.6308e-09   1.6502e-07   3.1419e+00   0.0000e+00
   75  00:00:14   2.7571e+02     16          6.1466e+00   1.6773e-01   1.7471e-08   1.4883e-07   3.1419e+00   0.0000e+00
   80  00:00:15   2.7500e+02     17          6.1265e+00   1.7377e-01   2.6241e-08   2.0722e-07   3.1420e+00   0.0000e+00
   85  00:00:16   2.7435e+02     18          6.1084e+00   1.7991e-01   3.3449e-08   2.8592e-07   3.1422e+00   0.0000e+00
   90  00:00:17   2.7375e+02     19          6.0925e+00   1.8607e-01   3.6249e-08   3.2565e-07   3.1424e+00   0.0000e+00
   95  00:00:18   2.7299e+02     20          6.0791e+00   1.9225e-01   6.7381e-08   3.6358e-07   3.1428e+00   0.0000e+00
  100  00:00:19   2.7228e+02     21          6.0688e+00   1.9836e-01   1.0084e-07   3.4999e-07   3.1436e+00   0.0000e+00
  105  00:00:20   2.7142e+02     22          6.0629e+00   2.0344e-01   1.8621e-06   4.3236e-07   3.1464e+00   0.0000e+00
  110  00:00:21   2.7042e+02     23          6.0609e+00   2.0618e-01   5.3579e-05   2.5983e-06   3.1445e+00   0.0000e+00
  115  00:00:22   2.6963e+02     24          6.0603e+00   2.0765e-01   6.1366e-04   2.3900e-05   3.1420e+00   0.0000e+00
  120  00:00:23   2.6884e+02     25          6.0601e+00   2.0840e-01   2.9373e-03   1.1823e-04   3.1417e+00   0.0000e+00
  125  00:00:23   2.6845e+02     26          6.0601e+00   2.0887e-01   7.2884e-03   3.4256e-04   3.1416e+00   0.0000e+00
  129  00:00:24   2.6845e+02     27  EP      6.0601e+00   2.0931e-01   9.6589e-03   5.2305e-04   3.1416e+00   0.0000e+00

 STEP      TIME        ||U||  LABEL  TYPE             A        gamma         eps1         eps2        theta        seg_u
    0  00:00:24   2.8450e+02     28  EP      6.5165e+00   1.0000e-01   6.0603e-08   2.2571e-07   3.1416e+00   0.0000e+00
    5  00:00:25   2.8490e+02     29          6.5325e+00   9.7872e-02   7.2935e-08   2.5333e-07   3.1416e+00   0.0000e+00
   10  00:00:26   2.8552e+02     30          6.5560e+00   9.4789e-02   1.0008e-07   2.8677e-07   3.1416e+00   0.0000e+00
   15  00:00:27   2.8615e+02     31          6.5786e+00   9.1866e-02   1.6246e-07   3.3678e-07   3.1416e+00   0.0000e+00
   20  00:00:28   2.8680e+02     32          6.6003e+00   8.9090e-02   3.2566e-07   4.1395e-07   3.1416e+00   0.0000e+00
   25  00:00:29   2.8958e+02     33          6.6205e+00   8.6515e-02   6.9799e-07   5.2935e-07   3.1416e+00   0.0000e+00
   30  00:00:30   2.9024e+02     34          6.6392e+00   8.4145e-02   1.7372e-06   6.9806e-07   3.1416e+00   0.0000e+00
   35  00:00:30   2.9093e+02     35          6.6569e+00   8.1880e-02   4.2821e-06   9.4776e-07   3.1416e+00   0.0000e+00
   40  00:00:31   2.9163e+02     36          6.6738e+00   7.9707e-02   1.0411e-05   1.3136e-06   3.1416e+00   0.0000e+00
   45  00:00:32   2.9234e+02     37          6.6897e+00   7.7616e-02   2.4873e-05   1.8437e-06   3.1416e+00   0.0000e+00
   50  00:00:33   2.9299e+02     38  HB      6.7032e+00   7.5803e-02   5.3364e-05   2.5097e-06   3.1416e+00   0.0000e+00
   50  00:00:33   2.9306e+02     39          6.7047e+00   7.5599e-02   5.8154e-05   2.6038e-06   3.1416e+00   0.0000e+00
   55  00:00:34   2.9379e+02     40          6.7188e+00   7.3652e-02   1.3240e-04   3.6832e-06   3.1417e+00   0.0000e+00
   60  00:00:35   2.9452e+02     41          6.7318e+00   7.1768e-02   2.9173e-04   5.2023e-06   3.1417e+00   0.0000e+00
   65  00:00:36   2.9526e+02     42          6.7437e+00   6.9941e-02   6.1713e-04   7.3234e-06   3.1417e+00   0.0000e+00
   70  00:00:36   2.9599e+02     43          6.7545e+00   6.8168e-02   1.2414e-03   1.0263e-05   3.1418e+00   0.0000e+00
   75  00:00:37   2.9673e+02     44          6.7640e+00   6.6444e-02   2.3481e-03   1.4310e-05   3.1421e+00   0.0000e+00
   80  00:00:38   2.9746e+02     45          6.7723e+00   6.4766e-02   4.1295e-03   1.9842e-05   3.1429e+00   0.0000e+00
   85  00:00:39   2.9819e+02     46          6.7793e+00   6.3135e-02   6.6882e-03   2.7347e-05   3.1447e+00   0.0000e+00
   90  00:00:39   2.9892e+02     47          6.7850e+00   6.1548e-02   9.9278e-03   3.7442e-05   3.1486e+00   0.0000e+00
   95  00:00:40   2.9965e+02     48          6.7894e+00   6.0009e-02   1.3528e-02   5.0887e-05   3.1559e+00   0.0000e+00
  100  00:00:41   3.0382e+02     49          6.7927e+00   5.8539e-02   1.7018e-02   6.8331e-05   3.1668e+00   0.0000e+00
  105  00:00:42   3.0470e+02     50          6.7949e+00   5.7185e-02   1.9971e-02   8.9758e-05   3.1804e+00   0.0000e+00
  110  00:00:43   3.0541e+02     51          6.7965e+00   5.5882e-02   2.2401e-02   1.1684e-04   3.1957e+00   0.0000e+00
  115  00:00:43   3.0585e+02     52          6.7976e+00   5.4624e-02   2.4303e-02   1.5082e-04   3.2111e+00   0.0000e+00
  120  00:00:44   3.1672e+02     53          6.7983e+00   5.3489e-02   2.5664e-02   1.9002e-04   3.2246e+00   0.0000e+00
  125  00:00:45   3.1774e+02     54          6.7988e+00   5.2462e-02   2.6639e-02   2.3427e-04   3.2359e+00   0.0000e+00
  130  00:00:46   3.1858e+02     55          6.7991e+00   5.1472e-02   2.7389e-02   2.8675e-04   3.2458e+00   0.0000e+00
  135  00:00:47   3.1943e+02     56          6.7994e+00   5.0518e-02   2.7970e-02   3.4851e-04   3.2543e+00   0.0000e+00
  140  00:00:48   3.2029e+02     57          6.7995e+00   4.9598e-02   2.8425e-02   4.2066e-04   3.2616e+00   0.0000e+00
  145  00:00:48   3.2116e+02     58          6.7997e+00   4.8710e-02   2.8788e-02   5.0440e-04   3.2678e+00   0.0000e+00
  150  00:00:49   3.2205e+02     59          6.7998e+00   4.7854e-02   2.9083e-02   6.0099e-04   3.2731e+00   0.0000e+00
  155  00:00:50   3.2296e+02     60          6.7998e+00   4.7027e-02   2.9330e-02   7.1175e-04   3.2777e+00   0.0000e+00
  160  00:00:51   3.2388e+02     61          6.7999e+00   4.6229e-02   2.9540e-02   8.3809e-04   3.2817e+00   0.0000e+00
  165  00:00:52   3.2480e+02     62          6.7999e+00   4.5458e-02   2.9724e-02   9.8146e-04   3.2852e+00   0.0000e+00
  170  00:00:53   3.2574e+02     63          6.7999e+00   4.4712e-02   2.9889e-02   1.1434e-03   3.2883e+00   0.0000e+00
  175  00:00:53   3.2668e+02     64          6.7999e+00   4.3990e-02   3.0039e-02   1.3254e-03   3.2911e+00   0.0000e+00
  180  00:00:54   3.2759e+02     65          6.8000e+00   4.3292e-02   3.0179e-02   1.5292e-03   3.2937e+00   0.0000e+00
  185  00:00:55   3.2837e+02     66          6.8000e+00   4.2615e-02   3.0310e-02   1.7566e-03   3.2959e+00   0.0000e+00
  190  00:00:56   3.2897e+02     67          6.8000e+00   4.1958e-02   3.0436e-02   2.0098e-03   3.2981e+00   0.0000e+00
  195  00:00:57   3.3089e+02     68          6.8000e+00   4.1322e-02   3.0557e-02   2.2898e-03   3.3000e+00   0.0000e+00
  200  00:00:58   3.3202e+02     69          6.8000e+00   4.0709e-02   3.0673e-02   2.5964e-03   3.3018e+00   0.0000e+00
  205  00:00:58   3.3311e+02     70          6.8000e+00   4.0114e-02   3.0786e-02   2.9329e-03   3.3035e+00   0.0000e+00
  210  00:00:59   3.3416e+02     71          6.8000e+00   3.9537e-02   3.0898e-02   3.3013e-03   3.3050e+00   0.0000e+00
  215  00:01:00   3.3519e+02     72          6.8000e+00   3.8976e-02   3.1007e-02   3.7037e-03   3.3065e+00   0.0000e+00
  220  00:01:01   3.3622e+02     73          6.8000e+00   3.8431e-02   3.1115e-02   4.1421e-03   3.3079e+00   0.0000e+00
  225  00:01:02   3.3726e+02     74          6.8000e+00   3.7900e-02   3.1222e-02   4.6183e-03   3.3092e+00   0.0000e+00
  230  00:01:03   3.3830e+02     75          6.8000e+00   3.7384e-02   3.1328e-02   5.1342e-03   3.3105e+00   0.0000e+00
  235  00:01:03   3.3935e+02     76          6.8000e+00   3.6881e-02   3.1433e-02   5.6917e-03   3.3117e+00   0.0000e+00
  240  00:01:04   3.4042e+02     77          6.8000e+00   3.6392e-02   3.1537e-02   6.2928e-03   3.3128e+00   0.0000e+00
  245  00:01:05   3.4149e+02     78          6.8000e+00   3.5916e-02   3.1640e-02   6.9393e-03   3.3139e+00   0.0000e+00
  250  00:01:06   3.4257e+02     79          6.8000e+00   3.5451e-02   3.1743e-02   7.6330e-03   3.3150e+00   0.0000e+00
  255  00:01:07   3.4367e+02     80          6.8000e+00   3.4999e-02   3.1845e-02   8.3758e-03   3.3160e+00   0.0000e+00
  260  00:01:08   3.4477e+02     81          6.8000e+00   3.4558e-02   3.1946e-02   9.1694e-03   3.3169e+00   0.0000e+00
  265  00:01:08   3.4590e+02     82          6.8000e+00   3.4128e-02   3.2047e-02   1.0016e-02   3.3179e+00   0.0000e+00
  270  00:01:09   3.4703e+02     83          6.8000e+00   3.3709e-02   3.2147e-02   1.0916e-02   3.3188e+00   0.0000e+00
  275  00:01:10   3.4818e+02     84          6.8000e+00   3.3300e-02   3.2247e-02   1.1873e-02   3.3196e+00   0.0000e+00
  280  00:01:11   3.4934e+02     85          6.8000e+00   3.2901e-02   3.2346e-02   1.2887e-02   3.3204e+00   0.0000e+00
  285  00:01:12   3.5051e+02     86          6.8000e+00   3.2511e-02   3.2445e-02   1.3961e-02   3.3212e+00   0.0000e+00
  290  00:01:13   3.5170e+02     87          6.8000e+00   3.2131e-02   3.2543e-02   1.5096e-02   3.3220e+00   0.0000e+00
  295  00:01:14   3.5290e+02     88          6.8000e+00   3.1759e-02   3.2641e-02   1.6293e-02   3.3228e+00   0.0000e+00
  300  00:01:14   3.5412e+02     89          6.8000e+00   3.1397e-02   3.2738e-02   1.7554e-02   3.3235e+00   0.0000e+00
  305  00:01:15   3.5535e+02     90          6.8000e+00   3.1042e-02   3.2835e-02   1.8881e-02   3.3242e+00   0.0000e+00
  310  00:01:16   3.5660e+02     91          6.8000e+00   3.0696e-02   3.2931e-02   2.0274e-02   3.3249e+00   0.0000e+00
  315  00:01:17   3.5786e+02     92          6.8000e+00   3.0357e-02   3.3027e-02   2.1735e-02   3.3255e+00   0.0000e+00
  320  00:01:18   3.5913e+02     93          6.8000e+00   3.0026e-02   3.3122e-02   2.3266e-02   3.3262e+00   0.0000e+00
  325  00:01:19   3.6042e+02     94          6.8000e+00   2.9702e-02   3.3217e-02   2.4868e-02   3.3268e+00   0.0000e+00
  330  00:01:20   3.6172e+02     95          6.8000e+00   2.9385e-02   3.3311e-02   2.6542e-02   3.3274e+00   0.0000e+00
  335  00:01:20   3.6303e+02     96          6.8000e+00   2.9075e-02   3.3405e-02   2.8289e-02   3.3280e+00   0.0000e+00
  340  00:01:21   3.6436e+02     97          6.8000e+00   2.8772e-02   3.3498e-02   3.0110e-02   3.3286e+00   0.0000e+00
  345  00:01:22   3.6570e+02     98          6.8000e+00   2.8475e-02   3.3591e-02   3.2007e-02   3.3291e+00   0.0000e+00
  350  00:01:23   3.6706e+02     99          6.8000e+00   2.8184e-02   3.3684e-02   3.3980e-02   3.3296e+00   0.0000e+00
  355  00:01:24   3.6842e+02    100          6.8000e+00   2.7900e-02   3.3776e-02   3.6030e-02   3.3302e+00   0.0000e+00
  360  00:01:25   3.6980e+02    101          6.8000e+00   2.7621e-02   3.3867e-02   3.8158e-02   3.3307e+00   0.0000e+00
  365  00:01:26   3.7118e+02    102          6.8000e+00   2.7347e-02   3.3958e-02   4.0366e-02   3.3312e+00   0.0000e+00
  370  00:01:26   3.7258e+02    103          6.8000e+00   2.7079e-02   3.4049e-02   4.2653e-02   3.3317e+00   0.0000e+00
  375  00:01:27   3.7398e+02    104          6.8000e+00   2.6817e-02   3.4139e-02   4.5022e-02   3.3321e+00   0.0000e+00
  380  00:01:28   3.7539e+02    105          6.8000e+00   2.6559e-02   3.4229e-02   4.7471e-02   3.3326e+00   0.0000e+00
  385  00:01:29   3.7680e+02    106          6.8000e+00   2.6307e-02   3.4319e-02   5.0003e-02   3.3330e+00   0.0000e+00
  390  00:01:30   3.7821e+02    107          6.8000e+00   2.6059e-02   3.4408e-02   5.2618e-02   3.3335e+00   0.0000e+00
  395  00:01:31   3.7958e+02    108          6.8000e+00   2.5816e-02   3.4497e-02   5.5316e-02   3.3339e+00   0.0000e+00
  400  00:01:32   3.8071e+02    109          6.8000e+00   2.5578e-02   3.4585e-02   5.8100e-02   3.3343e+00   0.0000e+00
  405  00:01:33   3.9425e+02    110          6.8000e+00   2.5345e-02   3.4672e-02   6.0944e-02   3.3347e+00   0.0000e+00
  410  00:01:35   3.9515e+02    111          6.8000e+00   2.5127e-02   3.4755e-02   6.3747e-02   3.3351e+00   0.0000e+00
  415  00:01:36   3.9615e+02    112          6.8000e+00   2.4914e-02   3.4838e-02   6.6606e-02   3.3355e+00   0.0000e+00
  420  00:01:37   3.9746e+02    113          6.8000e+00   2.4726e-02   3.4911e-02   6.9241e-02   3.3358e+00   0.0000e+00
  425  00:01:39   3.9862e+02    114          6.8000e+00   2.4567e-02   3.4974e-02   7.1543e-02   3.3361e+00   0.0000e+00
  430  00:01:42   3.9875e+02    115          6.8000e+00   2.4547e-02   3.4982e-02   7.1831e-02   3.3361e+00   0.0000e+00
  435  00:01:44   3.9878e+02    116          6.8000e+00   2.4541e-02   3.4984e-02   7.1932e-02   3.3361e+00   0.0000e+00
  440  00:01:46   3.9896e+02    117          6.8000e+00   2.4516e-02   3.4994e-02   7.2291e-02   3.3362e+00   0.0000e+00
  445  00:01:48   3.9958e+02    118          6.8000e+00   2.4429e-02   3.5029e-02   7.3593e-02   3.3362e+00   0.0000e+00
  450  00:01:50   4.0011e+02    119          6.8000e+00   2.4351e-02   3.5060e-02   7.4796e-02   3.3365e+00   0.0000e+00
  455  00:01:53   4.0034e+02    120          6.8000e+00   2.4324e-02   3.5071e-02   7.5218e-02   3.3365e+00   0.0000e+00
  460  00:01:54   4.0079e+02    121          6.8000e+00   2.4260e-02   3.5097e-02   7.6202e-02   3.3366e+00   0.0000e+00
  462  00:01:57   4.0085e+02    122  MX      6.8000e+00   2.4251e-02   3.5101e-02   7.6355e-02   3.3366e+00   0.0000e+00
