
    STEP   DAMPING               NORMS              COMPUTATION TIMES
  IT SIT     GAMMA     ||d||     ||f||     ||U||   F(x)  DF(x)  SOLVE
   0                          8.42e-10  1.83e+05    0.0    0.0    0.0

 STEP      TIME        ||U||  LABEL  TYPE             A        gamma homo.po.period
    0  00:00:00   1.8273e+05      1  EP      6.5165e+00   1.0000e-01     1.8273e+05
  100  00:00:02   1.8273e+05      2          6.3235e+00   1.2921e-01     1.8273e+05
  200  00:00:04   1.8273e+05      3          6.2002e+00   1.5393e-01     1.8273e+05
  300  00:00:06   1.8273e+05      4          6.1181e+00   1.7654e-01     1.8273e+05
  400  00:00:08   1.8273e+05      5          6.0732e+00   1.9549e-01     1.8273e+05
  500  00:00:11   1.8273e+05      6          6.0601e+00   2.0929e-01     1.8273e+05
  501  00:00:11   1.8273e+05      7  MX      6.0601e+00   2.0930e-01     1.8273e+05

 STEP      TIME        ||U||  LABEL  TYPE             A        gamma homo.po.period
    0  00:00:11   1.8273e+05      8  EP      6.5165e+00   1.0000e-01     1.8273e+05
  100  00:00:13   1.8273e+05      9          6.7753e+00   6.4096e-02     1.8273e+05
  200  00:00:16   1.8273e+05     10          6.8000e+00   4.2660e-02     1.8273e+05
  227  00:00:17   1.8273e+05     11  BP      6.8000e+00   3.9086e-02     1.8273e+05
  300  00:00:19   1.8273e+05     12          6.8000e+00   3.1801e-02     1.8273e+05
  400  00:00:21   1.8273e+05     13          6.8001e+00   2.5435e-02     1.8273e+05
  500  00:00:24   1.8273e+05     14          6.8001e+00   2.1235e-02     1.8273e+05
  600  00:00:26   1.8273e+05     15          6.8001e+00   1.8229e-02     1.8273e+05
  700  00:00:29   1.8273e+05     16          6.8002e+00   1.5998e-02     1.8273e+05
  800  00:00:31   1.8273e+05     17          6.8002e+00   1.4265e-02     1.8273e+05
  900  00:00:34   1.8273e+05     18          6.8002e+00   1.2870e-02     1.8273e+05
 1000  00:00:37   1.8273e+05     19          6.8002e+00   1.1731e-02     1.8273e+05
 1100  00:00:40   1.8273e+05     20          6.8002e+00   1.0782e-02     1.8273e+05
 1200  00:00:43   1.8273e+05     21          6.8002e+00   9.9817e-03     1.8273e+05
 1300  00:00:46   1.8273e+05     22          6.8002e+00   9.2929e-03     1.8273e+05
 1400  00:00:49   1.8273e+05     23          6.8002e+00   8.6985e-03     1.8273e+05
 1500  00:00:52   1.8273e+05     24          6.8002e+00   8.1782e-03     1.8273e+05
 1600  00:00:55   1.8273e+05     25          6.8002e+00   7.7183e-03     1.8273e+05
 1700  00:00:57   1.8273e+05     26          6.8002e+00   7.3084e-03     1.8273e+05
 1800  00:01:00   1.8273e+05     27          6.8002e+00   6.9401e-03     1.8273e+05
 1900  00:01:02   1.8273e+05     28          6.8002e+00   6.6070e-03     1.8273e+05
 2000  00:01:04   1.8273e+05     29          6.8002e+00   6.3042e-03     1.8273e+05
 2100  00:01:07   1.8273e+05     30          6.8002e+00   6.0275e-03     1.8273e+05
 2200  00:01:09   1.8273e+05     31          6.8002e+00   5.7737e-03     1.8273e+05
 2300  00:01:11   1.8273e+05     32          6.8002e+00   5.5401e-03     1.8273e+05
 2400  00:01:14   1.8273e+05     33          6.8002e+00   5.3244e-03     1.8273e+05
 2500  00:01:16   1.8273e+05     34          6.8002e+00   5.1256e-03     1.8273e+05
 2600  00:01:18   1.8273e+05     35          6.8002e+00   4.9425e-03     1.8273e+05
 2700  00:01:20   1.8273e+05     36          6.8002e+00   4.7722e-03     1.8273e+05
 2800  00:01:22   1.8273e+05     37          6.8002e+00   4.6132e-03     1.8273e+05
 2900  00:01:24   1.8273e+05     38          6.8001e+00   4.4649e-03     1.8273e+05
 3000  00:01:27   1.8273e+05     39          6.8001e+00   4.3258e-03     1.8273e+05
 3100  00:01:29   1.8274e+05     40          6.8001e+00   4.1969e-03     1.8273e+05
 3200  00:01:31   1.8274e+05     41          6.8001e+00   4.0755e-03     1.8273e+05
 3300  00:01:33   1.8274e+05     42          6.8001e+00   3.9610e-03     1.8273e+05
 3400  00:01:35   1.8274e+05     43          6.8001e+00   3.8527e-03     1.8273e+05
 3500  00:01:37   1.8274e+05     44          6.8001e+00   3.7501e-03     1.8273e+05
 3600  00:01:40   1.8274e+05     45          6.8001e+00   3.6529e-03     1.8273e+05
 3700  00:01:42   1.8274e+05     46          6.8001e+00   3.5606e-03     1.8273e+05
 3800  00:01:44   1.8274e+05     47          6.8001e+00   3.4729e-03     1.8273e+05
 3900  00:01:46   1.8274e+05     48          6.8001e+00   3.3894e-03     1.8273e+05
 4000  00:01:49   1.8274e+05     49          6.8001e+00   3.3099e-03     1.8273e+05
 4100  00:01:51   1.8274e+05     50          6.8001e+00   3.2340e-03     1.8273e+05
 4200  00:01:53   1.8274e+05     51          6.8001e+00   3.1616e-03     1.8273e+05
 4300  00:01:55   1.8274e+05     52          6.8001e+00   3.0924e-03     1.8273e+05
 4400  00:01:58   1.8274e+05     53          6.8001e+00   3.0262e-03     1.8273e+05
 4500  00:02:00   1.8274e+05     54          6.8001e+00   2.9619e-03     1.8273e+05
 4600  00:02:03   1.8274e+05     55          6.8001e+00   2.9012e-03     1.8273e+05
 4700  00:02:05   1.8274e+05     56          6.8001e+00   2.8432e-03     1.8273e+05
 4800  00:02:07   1.8275e+05     57          6.8001e+00   2.7875e-03     1.8273e+05
 4900  00:02:10   1.8275e+05     58          6.8001e+00   2.7339e-03     1.8273e+05
 5000  00:02:12   1.8275e+05     59          6.8001e+00   2.6824e-03     1.8273e+05
 5100  00:02:15   1.8275e+05     60          6.8001e+00   2.6328e-03     1.8273e+05
 5200  00:02:17   1.8275e+05     61          6.8001e+00   2.5849e-03     1.8273e+05
 5300  00:02:20   1.8275e+05     62          6.8001e+00   2.5386e-03     1.8273e+05
 5400  00:02:22   1.8275e+05     63          6.8001e+00   2.4939e-03     1.8273e+05
 5500  00:02:25   1.8275e+05     64          6.8001e+00   2.4507e-03     1.8273e+05
 5600  00:02:27   1.8275e+05     65          6.8001e+00   2.4089e-03     1.8273e+05
 5700  00:02:29   1.8275e+05     66          6.8001e+00   2.3685e-03     1.8273e+05
 5800  00:02:31   1.8275e+05     67          6.8001e+00   2.3294e-03     1.8273e+05
 5900  00:02:34   1.8275e+05     68          6.8001e+00   2.2916e-03     1.8273e+05
 6000  00:02:36   1.8275e+05     69          6.8001e+00   2.2550e-03     1.8273e+05
 6100  00:02:38   1.8276e+05     70          6.8001e+00   2.2197e-03     1.8273e+05
 6200  00:02:41   1.8276e+05     71          6.8001e+00   2.1855e-03     1.8273e+05
 6300  00:02:43   1.8276e+05     72          6.8001e+00   2.1524e-03     1.8273e+05
 6400  00:02:46   1.8276e+05     73          6.8001e+00   2.1200e-03     1.8273e+05
 6500  00:02:48   1.8276e+05     74          6.8001e+00   2.0889e-03     1.8273e+05
 6600  00:02:50   1.8276e+05     75          6.8001e+00   2.0586e-03     1.8273e+05
 6700  00:02:53   1.8276e+05     76          6.8001e+00   2.0292e-03     1.8273e+05
 6800  00:02:55   1.8276e+05     77          6.8001e+00   2.0006e-03     1.8273e+05
 6900  00:02:58   1.8276e+05     78          6.8001e+00   1.9728e-03     1.8273e+05
 7000  00:03:00   1.8276e+05     79          6.8001e+00   1.9459e-03     1.8273e+05
 7100  00:03:03   1.8276e+05     80          6.8001e+00   1.9196e-03     1.8273e+05
 7200  00:03:06   1.8277e+05     81          6.8001e+00   1.8941e-03     1.8273e+05
 7300  00:03:08   1.8277e+05     82          6.8001e+00   1.8692e-03     1.8273e+05
 7400  00:03:11   1.8277e+05     83          6.8001e+00   1.8449e-03     1.8273e+05
 7500  00:03:13   1.8277e+05     84          6.8001e+00   1.8213e-03     1.8273e+05
 7600  00:03:16   1.8277e+05     85          6.8001e+00   1.7982e-03     1.8273e+05
 7700  00:03:19   1.8277e+05     86          6.8001e+00   1.7758e-03     1.8273e+05
 7800  00:03:21   1.8277e+05     87          6.8001e+00   1.7539e-03     1.8273e+05
 7900  00:03:24   1.8277e+05     88          6.8001e+00   1.7326e-03     1.8273e+05
 8000  00:03:27   1.8277e+05     89          6.8001e+00   1.7117e-03     1.8273e+05
 8100  00:03:29   1.8277e+05     90          6.8001e+00   1.6913e-03     1.8273e+05
 8200  00:03:32   1.8278e+05     91          6.8001e+00   1.6714e-03     1.8273e+05
 8300  00:03:34   1.8278e+05     92          6.8001e+00   1.6520e-03     1.8273e+05
 8400  00:03:37   1.8278e+05     93          6.8001e+00   1.6330e-03     1.8273e+05
 8500  00:03:40   1.8278e+05     94          6.8001e+00   1.6145e-03     1.8273e+05
 8600  00:03:42   1.8278e+05     95          6.8001e+00   1.5964e-03     1.8273e+05
 8700  00:03:45   1.8278e+05     96          6.8001e+00   1.5787e-03     1.8273e+05
 8800  00:03:48   1.8278e+05     97          6.8001e+00   1.5615e-03     1.8273e+05
 8900  00:03:50   1.8278e+05     98          6.8001e+00   1.5446e-03     1.8273e+05
 9000  00:03:53   1.8279e+05     99          6.8001e+00   1.5281e-03     1.8273e+05
 9100  00:03:56   1.8279e+05    100          6.8001e+00   1.5120e-03     1.8273e+05
 9200  00:03:59   1.8279e+05    101          6.8001e+00   1.4963e-03     1.8273e+05
 9300  00:04:02   1.8279e+05    102          6.8001e+00   1.4809e-03     1.8273e+05
 9400  00:04:04   1.8279e+05    103          6.8001e+00   1.4659e-03     1.8273e+05
 9500  00:04:07   1.8280e+05    104          6.8001e+00   1.4512e-03     1.8273e+05
 9600  00:04:10   1.8280e+05    105          6.8001e+00   1.4367e-03     1.8273e+05
 9700  00:04:13   1.8280e+05    106          6.8001e+00   1.4225e-03     1.8273e+05
 9800  00:04:15   1.8280e+05    107          6.8001e+00   1.4087e-03     1.8273e+05
 9900  00:04:18   1.8280e+05    108          6.8001e+00   1.3950e-03     1.8273e+05
10000  00:04:21   1.8280e+05    109  EP      6.8001e+00   1.3817e-03     1.8273e+05
